208.26649570465088
172.33269001887396
172.5126290688148
171.98825828845685
171.79330451671893
170.49880057114822
170.04307302144858
171.00529237893912
169.64327372037448
194.33376066501324
169.84453509404108
168.47828593620886
168.50993574582614
166.924074613131
165.99964574667123
166.42790016761194
165.64922347435584
168.11933062626764
169.8180821125324
164.4821840432974
164.1219878563514
164.6014826481159
227.53583137805646
161.59398746490479
187.76200551253098
160.36277418870193
191.87272882461548
160.90917389209454
158.46678359691913
195.8049714381878
160.2254556142367
156.90643431590155
216.24830135932336
173.23337745666504
157.7372897221492
156.53956703039316
155.24562021402213
153.9980494425847
154.9870023544018
153.35148719640878
153.07862809988168
164.46398419600266
148.71949291458498
151.6098895072937
148.0080956495725
190.1176270705003
147.71616592774024
150.71736234884995
147.47990980515112
148.23565632018907
145.81894049277673
170.65668537066534
148.5375252870413
146.13623472360464
143.7534489081456
145.53372423465436
144.30973188693707
175.46935486793518
157.4422104175274
198.8706729045281
141.40604029710477
145.38126279757574
138.7441177368164
138.1734719826625
137.82600942024817
140.62847810525162
143.13286007367648
151.46757551339957
136.15820465638086
133.9314946578099
134.2482268351775
137.07803342892572
137.19700734431927
134.73962880097903
135.10631834543668
134.41898186390216
135.12368067411276
129.43463437373822
132.05519217711227
129.3136038848987
134.02249051057376
131.4911883152448
130.98292489235217
180.22834455049954
133.8401418007337
125.31387595029977
124.35812764901381
127.34926996781276
126.8925089102525
125.66380106485806
128.67638000158163
132.19896748432745
126.27137796695416
121.13935388968541
128.90693400456354
129.07867161127237
127.90787676664499
127.86839009248294
122.51460748452406
127.4003250323809
125.84394694750125
182.20495115793668
126.53400747134135
127.1612019768128
126.65324521981753
126.55262187811044
124.62908094662886
141.3106411420382
122.97203356486101
123.85455354360434
123.62254182191995
124.14072286165677
139.68572534964636
126.1423479960515
121.34176575449797
120.00647060687726
124.31365477121793
120.0655580850748
122.49600774508257
118.97916161097012
123.02144325696506
121.30305554316594
121.28860172858604
181.66952378933246
134.56864229532388
118.8482426725901
122.16552624335655
122.4264700114727
125.8619619699625
117.46595869614528
163.27641479785626
120.93430963846353
125.1541205736307
119.05405607590309
119.67561252529805
120.10763827654031
120.30656097655167
124.92565133938423
121.96274358492632
115.88922864657182
123.35088073290311
122.43900255056528
123.72928456618236
121.61708720830771
123.20888515619131
148.6654876745664
117.6425492305022
118.31766433096848
128.94674609257623
122.82555057452275
