4.912704332308336
1.590944222428582
1.1521400700915942
0.5943274796009064
0.37492616000500595
0.6047085144303062
0.5320671133019708
0.35661767423152924
0.3194091997363351
0.3454100381244313
0.22896520793437958
0.2157210585745898
0.1980244903401895
0.2004777897487987
0.2229983860796148
0.1772720989855853
0.16933475570245224
0.18951693854548715
0.18576734242114154
0.22976785356348212
0.21657140383666212
0.17535490000789816
0.17183847014199605
0.14702866023237054
0.1488171856511723
0.1600235402584076
0.12937036021189255
0.13167529451576146
0.11911649256944656
0.12591562860391356
0.14101136272603815
0.11122542687437752
0.12270024080168117
0.13520271229473027
0.12676772272044962
0.10549096035009081
0.11897208507765424
0.11328707364472476
0.10147867825898257
0.12287442995743318
0.11464210735125975
0.13077792593023993
0.08721879768100652
0.1159868213263425
0.09347088431770151
0.11255747892639854
0.12037391384894197
0.10333423587408933
0.11585414748300206
0.10254548727111383
0.091408814557574
0.10123625905676321
0.09785936078564687
0.13072903860699048
0.09268202531066808
0.08472862568768588
0.09497684849934145
0.10542424632744356
0.09430506012656471
0.11002481830391017
0.10964709588072517
0.11471864648840645
0.10298358039422469
0.1121636341241273
0.11456322873180563
0.08330206369811838
0.09879488531838763
0.08592087199742143
0.10514319349418987
0.08438819138841196
0.109030274504965
0.08576441251418808
0.08438456532630054
0.10575128634544936
0.09781698476184499
0.10198670896616849
0.06867038356986913
0.10807507959279147
0.10490445538677952
0.11530665392902764
0.09763499942015517
0.09081205725669861
0.11708733371712944
0.10434327647089958
0.09220927242528308
0.11295625465837392
0.09577266702597792
0.09376261586492712
0.0799620591781356
0.12622778049924158
0.09010127627036789
0.08476907658306035
0.08220498805696314
0.08807294748046181
0.07133510014550253
0.09069178592075001
0.0789378590204499
0.09274429692463441
0.09959890270097689
0.10074480927803299
0.09920708665793593
0.09923647377978671
0.12351998873054981
0.08977258611809123
0.08358174494721672
0.11851530928503383
0.08684538745067337
0.08282393420284445
0.06982618908990514
0.10440846938978542
0.10688060420480641
0.1051283719187433
0.09665759043260054
0.09177601540630514
0.10828868299722672
0.09350140900774435
0.12309741973876953
0.1048725579272617
0.10081342336806384
0.09042469547553496
0.10382662459530613
0.09892036850479516
0.08796146613630382
0.09437052702361887
0.09925622086633336
0.10056272538548167
0.10196576843207533
0.09595769372853366
0.08739530125802214
0.09287979250604456
0.0935162448070266
0.08969242091883313
0.09103892608122392
0.1129853291945024
0.0924729471179572
0.10418607125228102
0.09961069917136972
0.09155084192752838
0.10546318035234105
0.11222585493868048
0.09008130024779927
0.09008423713120547
0.10618410191752693
0.07873366671529683
0.09422979029742154
0.09985659271478653
0.09173710000785915
0.08895175633105365
0.11623924293301323
0.1112563203681599
0.09105839614163745
0.09814944456924092
0.10471930422566154
0.088718365539204
0.10651181435043161
0.11184897578575394
0.08936842463233254
0.08460928025570782
0.0717110691422766
0.09069784290411255
0.09543487361886284
0.11542541973970154
0.09787162901325659
0.10346937484361908
0.10298297977582975
0.09896311367099936
0.10518673671917482
0.056907873431389984
0.10250409557060762
0.09534595839001915
0.09313518824902448
0.09552248973738063
0.08906154944138094
0.08192999627102505
0.09846352379430424
0.07716169682416049
0.09332888675006953
0.10502226887778802
0.09079436043446715
0.09041350199417635
0.09195223213596777
0.11147567155686292
0.0946329493414272
0.10506559637459842
0.09211995215578513
0.09970845078880136
0.11628697236830537
0.09038112956014546
0.09978545321659608
0.09574644911018285
0.11051037433472546
0.10080329464240508
0.08720671605657447
0.08660568364641884
0.10633512552488934
0.09877664291045883
0.10638552836396477
0.10388394038785588
0.11160995100032199
0.08674659783189947
0.09593454612927003
0.08562925695018335
0.10105940293182027
0.09454872696237131
0.08136019042947075
0.1069817255166444
0.12307337603785774
0.12066531858660957
0.10183365439826791
0.09788451276042244
0.0848998606882312
0.13359956511042334
0.10013125667517836
0.10047848184000362
0.08848546309904619
0.08618115921589461
0.09067506275393745
0.11080893806435844
0.10397756912491539
0.10640928216955879
0.0928413603793491
0.10514375093308362
0.12016619538719003
0.08080689270387996
0.09910836985165422
0.08148659901185469
0.08654713732275096
0.10034679858521982
0.0881449773230336
0.08351177891547029
0.09210393747145479
0.09737486798654903
0.12470266697081653
0.09923396970738065
0.09694933112372052
0.10818916288289157
0.08162846754897725
0.10608823902227661
0.11865731328725815
0.09366966479203918
0.1046381037343632
0.09743132543834773
0.11150463839823549
0.10771559043364091
0.08813896165652708
0.08823563531041145
0.10983960127288644
0.08913470906290141
0.10656799579208548
0.08145137706940825
0.09281930496746843
0.09079137139699676
0.09950301118872383
0.08958706937052986
0.09966909038749608
0.08814222568815405
0.08819134668870406
0.09454768049446019
0.09249913455410437
0.09964123232798143
0.09504793279550293
0.07734519040042703
0.08910652216185223
0.08577251976186578
0.08979902111671188
0.09530968219041824
0.09816309132359245
0.09946948933330449
0.10314004123210907
0.08049076660112901
0.10282111371105368
0.11058089949867943
0.09288648956201294
0.09305723485621539
0.09919227625836026
0.090638052333485
0.09469117054885084
0.09605345773425969
0.0816821584647352
0.08780612999742682
0.08518446575511586
0.0960793752561916
0.09975871172818271
0.07968529635532336
0.08177208358591254
0.1017002398994836
0.10741118849678473
0.10545485331253572
0.0780885900286111
0.08550829135558823
0.08398170735348355
0.09287200597199527
0.0889907804402438
0.10106278922070157
0.10223123668269678
0.08888864381746812
0.10027882998639887
0.08705443482507359
0.08004053851420229
0.10551708259365776
