20.594736446033824
13.047761396928268
8.322808569127863
5.170733798633922
2.9612408009442417
1.6993273930116133
0.9975243481722745
0.5388322838328101
0.43893636102703487
0.3677722594954751
0.3132445446469567
0.2618538107384335
0.3129773424430327
0.2315542156046087
0.10526309077712623
0.2597590007565238
0.20943903787569565
0.1290197748352181
0.18189418451352554
0.2678553934463046
0.22978827086361972
0.15770235302096064
0.18945042399520223
0.16004708104512907
0.16892954749478536
0.1611894778907299
0.13878706114535982
0.18103010165081782
0.14194661768322642
0.06003267580473965
0.15984706563705747
0.13956740947270935
0.14126556366682053
0.1287676373665983
0.12158099528063428
0.03485519777644764
0.10682856664061546
0.13570094040848993
0.16087259208275514
0.1110803068361499
0.11473433012989434
0.11046943965960633
0.15519089408388193
0.10902851176532832
0.1283501364629377
0.23902025107632985
0.09928349693390456
0.16516539522192694
0.07315440636805513
0.08769222983921116
0.13548848049884493
0.05983544395051219
0.11174316128546541
0.16734424157237465
0.19321582584895872
0.1751570012420416
0.11452704143117774
0.1284859711304307
0.2343863946258683
0.06824036831544204
0.19751196388493886
0.08263115203854712
0.06410544509576126
0.12351139677180485
0.07663477034392682
0.1737395277754827
0.08312783263285052
0.2204306831752712
0.17330646345561201
0.23209913007237695
0.12812047875062985
0.0641979055733166
0.11941709217022765
0.14814190397208388
0.0883765249428424
0.14212413284588943
0.12891066633164883
0.20841577191921798
0.058429806577888405
0.23357487867840313
0.12176463359289548
0.10976714234460484
0.14106496186418968
0.12106735987419431
0.10368953611363065
0.2881336642259901
0.08878302049230445
0.06924238555472005
0.1542302525856278
0.1978885086930611
0.1254235070029443
0.07829589142718098
0.15090845728462393
0.10794257770546457
0.11491872895170342
0.12964348715137353
0.13048217826607553
0.07949020163240758
0.17758066283369606
0.11946345374665478
0.1375941617245024
0.10712361085990613
0.1836180683564056
0.0897297862578522
0.2825361607934941
0.07232259307056665
0.07027825188230384
0.10345465317368507
0.05771012036976489
0.08196519780904055
0.08434814121574163
0.06421330524608493
0.2518818177790804
0.0968122963200916
0.12601394053887238
0.11177743344821713
0.12144915962761099
0.21554709937084804
0.16691118309443648
0.2045102102512663
0.09211720898747444
0.05113456660712307
0.0660784998061982
0.20650973814454945
0.05666395463049412
0.0803863291035999
0.04407268508591435
0.03909808930686929
0.10610938884995201
0.13762260448526253
0.07855976245958697
0.08436521498317068
0.16248719639737497
0.07117651110853661
0.050331270999529144
0.20970473218370567
0.19226002523844893
0.11686802773990414
0.12592968251556158
0.12122551758180965
0.15111553753641518
0.08331190862438896
0.10888152772730048
0.07867162708531726
0.08460392587056215
0.15879035605625672
0.1619284859943119
0.16122548239813608
0.08939486919817599
0.0656183091500266
0.10745980273085562
0.12814987218007445
0.04382417160509662
0.16995445723560723
0.05577579326927662
0.09384163409810174
0.07746734139932827
0.09238250756805594
0.09798308872533115
0.16185745105824687
0.107082876292142
0.2147377250208096
0.07825414709408175
0.11022394578057257
0.10084773020141503
0.14102101224389943
0.10058590126308528
0.18860545174472712
0.08254231410947713
0.13077436963265593
0.11598884149200538
0.17505249330265957
0.14794689213687723
0.13828319099477746
0.09333623488518325
0.12467750796878879
0.06678818868981166
0.05531637133522467
0.08818084187805653
0.13005249185318296
0.254755605943501
0.10471109868111936
0.09133458687839183
0.1743673560294238
0.04170904096893289
0.07959935991940173
0.18664766932753
0.04665848477320238
0.05060986420986327
0.11077596805989742
0.04034375094554641
0.056809009349142965
0.09315857735716483
0.1361654048616236
0.15241279402239757
0.2070236008783633
0.07059332355856895
0.08058997396041047
0.07460055275904862
0.10996220574121583
0.19130164571106434
0.09758836877616969
0.11740449494258924
0.1224854781546376
0.1675292533737692
0.08857299378988417
0.08402227034622972
0.07231502687897194
0.0972946894947778
0.15947843664749103
0.06418995542282407
0.167817761359567
0.13092052513225513
0.07388501011089167
0.05047873289070346
0.08686838362535293
0.09750942564146085
0.044904846105385914
0.07886618849906055
0.11872557305138219
0.160188324410807
0.09515113620595499
0.0723858792334795
0.25165628794242034
0.07605788027021018
0.14378489282998172
0.07696896258064291
0.1716488501565023
0.11900873947888613
0.26622564608061855
0.07271497459574179
0.15859963270750913
0.1396783674982461
0.10352303172377023
0.24457514078610323
0.09318464071574536
0.11828567781908945
0.09018015692179854
0.08622133486311544
0.11033268958668817
0.04569204964421012
0.10123180090026422
0.06165686766193672
0.32635881463912403
0.1998060844330625
0.11287016163326123
0.09943967651237141
0.13867778119377114
0.15365456154739315
0.08295375642112711
0.07262108754366636
0.06506750283932144
0.07217089256102388
0.12998467963188887
0.06858730659058149
0.031087829646739094
0.1384344995868477
0.1347743079743602
0.12935150025243108
0.15925501024519856
0.11427132751454007
0.0668916934677823
0.11462608039040457
0.16375548629598183
0.13231643204661933
0.25678790161724796
0.17224120077761737
0.07829377994957296
0.10717331050810489
0.14238049428571353
0.08054239209741354
0.12273447410288182
0.2585684555498036
0.15415793572637168
0.07079942609098824
0.14679510510441932
0.11210514046251774
0.0961019384928725
0.1749451131644574
0.13083117281679402
0.15151930261741986
0.07135983929038048
0.13718032896180044
0.167970239946788
0.11670149430971254
0.07617467125369744
0.2004039900546724
0.2015863454646685
0.10391126217489893
0.22115187160670757
0.13225757237523794
0.06950765069235455
0.09117604967799377
0.07717888505960052
0.1600015660409223
0.13286448625678365
0.12633292749524117
0.138222186148844
0.08109255947849968
0.031635207843712786
