23.431819395585492
14.787579709833318
9.139277068051426
5.9248364838686856
3.5409070686860518
2.254063129425049
1.2930997284975918
0.6908252408558672
0.4126629497517239
0.3653149110349742
0.2769468917765401
0.13098017871379852
0.19711102850057863
0.2061116173863411
0.15065063739364798
0.18309661305763505
0.07626636004583402
0.15706929048015314
0.20630351928147403
0.17885272306474773
0.33419442786411807
0.21861152435568246
0.11456663229248741
0.23640790192241018
0.10163297690451145
0.07719901695170185
0.13480780002745715
0.11231225288727066
0.18744191696698015
0.07868127016858621
0.0889103894375942
0.10600684329190037
0.08595817688513886
0.22138686461204832
0.17711143805222077
0.12146530334245075
0.062311868902973154
0.24678815494884143
0.21101579374887727
0.18926041260023008
0.05502448925240473
0.24775057260624386
0.10073663895441727
0.16272728178988805
0.2005598343570124
0.14412937821312385
0.12336208298802376
0.16236456551335074
0.12027431414885954
0.21108989070423625
0.08262076702984897
0.20263713141056625
0.07492525155910036
0.11695170521058819
0.08063666657968001
0.09101652210070328
0.08584589638154615
0.13273811323398893
0.1499892336485738
0.09929144716906277
0.03196461164307865
0.084361261095513
0.12612021214921365
0.09810780060731551
0.151786303317005
0.06545743502845819
0.1603751421313394
0.08878460543399508
0.09211805318905548
0.08084878363561901
0.12960793721404942
0.11716133567758581
0.053021703084761444
0.2721723866733638
0.12369281172075054
0.1821844968944788
0.09741462970321829
0.18426915021105247
0.11731126650490543
0.09955392206426371
0.13280450205572628
0.10038964424959639
0.12130908054214987
0.162686014293947
0.2724432907151905
0.09667895852842114
0.07901736289601434
0.049663928845389324
0.1292793181809512
0.11117245663296092
0.11219378488815644
0.11094860381192782
0.07730710540305484
0.145487029613419
0.07278663144362243
0.1628423644737764
0.14989529753273184
0.06134080480445515
0.1747932509434494
0.2673170590265231
0.10336222177879377
0.08472449738870967
0.10643832885067571
0.05583828890865499
0.1101930803957988
0.0549839192324064
0.08007802441716194
0.10800243854861367
0.039706410840153694
0.15068102052265947
0.10460328022864732
0.2547704196450385
0.12272152016786012
0.13599546185948633
0.05776461467824199
0.06698265112936497
0.08070612821558659
0.12529220571741462
0.14507954770868475
0.22352536572990092
0.1649398072199388
0.10755803012712435
0.14060823746364226
0.06349595907059583
0.05518828908150846
0.10671477917243134
0.12222825905138796
0.13277260578152808
0.16349570249969309
0.17113857851787048
0.17171592891893603
0.10172235229137269
0.07426331776448271
0.22121045433662154
0.21517646469345147
0.04776243658059023
0.15910733423449777
0.10260678760030052
0.10367457162250172
0.14325367320667615
0.21410996830937537
0.1580937567420981
0.22058347155424682
0.18087982945144176
0.1754427764734084
0.07591037079691887
0.10410777877338907
0.2559103595770218
0.07681721296500076
0.08997842119160024
0.09633124772120606
0.24004188374700872
0.13036273843185467
0.08634958213025873
0.21573495483872565
0.12585235454819418
0.18825590525838462
0.10384701768105681
0.0895531422204592
0.1435122856531631
0.09127070551568811
0.07911120952022346
0.24654804178598252
0.128454155203971
0.1149845819242976
0.14052628732117062
0.19539170822297985
0.14840347586538305
0.10787483448670669
0.06798859092999589
0.07059876203790984
0.07687834650278091
0.026226807682012968
0.19111319081011144
0.10269304809414527
0.1249721787700599
0.11201829615641724
0.14820222759788687
0.09786401655186307
0.09376844755289229
0.12932084915651518
0.1540206690657545
0.129529564387419
0.12971168002960357
0.14098323686895045
0.2610359936952591
0.11167114583606069
0.09886760467832739
0.16886051879687744
0.18590715641833164
0.11370336213572459
0.08868305943906307
0.26277554052119906
0.295166244561022
0.1552021527154879
0.15328014684333044
0.14080158735371448
0.13081530754623766
0.08269406347112222
0.10545271905985745
0.051331813277846035
0.14181691484356468
0.16317414229905064
0.17853558182039045
0.14213776546107096
0.17449747199531307
0.11603234792974862
0.13974864450706678
0.15552028626288203
0.1678060990842906
0.09130116247318008
0.08434980201788923
0.10309481231326406
0.09117008305408737
0.22652910971506077
0.22191505032506856
0.12971955715593966
0.11113069257275625
0.15354831127280538
0.13828328319571234
0.13401217690922998
0.16516093723475933
0.07890538646924225
0.08028156293386762
0.053276748692786154
0.14503929323770784
0.06565009830096229
0.09681908481500366
0.1246692490848628
0.18316776347769934
0.21395325326276096
0.1314856963740154
0.12057255369357088
0.06217200334437869
0.12441554572433233
0.08173132069747556
0.09933669890531084
0.055818481370806694
0.12691650061275472
0.17596069344488735
0.15601965234699575
0.1309241915799
0.0839569919996641
0.21579721908677707
0.1442915966988287
0.08162840371104804
0.12596999100324782
0.08549360058863055
0.1403732584281401
0.21314003166149964
0.04744770166210153
0.12126841345293955
0.13496933445673098
0.17692919515750624
0.047216349535367706
0.13628605736250227
0.15410431736910885
0.0849691280587153
0.07619629156860439
0.08680647620084611
0.06056135579604994
0.1723495919934728
0.21169670137830757
0.07757642247121442
0.14269888240166687
0.1419432581487027
0.1503418435088613
0.16053391531617803
0.07401853020895612
0.09616472673687068
0.08840004540979862
0.257870718667453
0.12426940859718756
0.19571492918343705
0.21376013061539692
0.28153711769052525
0.13972335969182578
0.16644835743037137
0.11853439606387507
0.10048609929667278
0.13766490820456634
0.08921438997442072
0.09765373001044447
0.12192851609804413
0.09450484786859968
0.11465726962143724
0.21610880947925828
0.13964489923620765
0.09258835724639622
0.06744613244452259
0.17004400872710076
0.24665309522639622
0.12156376005573706
0.08974981045519764
0.25424549593166873
0.07570848192765632
0.07538046010515907
0.07192198601974682
0.07693843670528043
0.13976904563605785
