19.584692637125652
14.06931089219593
10.113367080688477
7.0985561438969205
5.211675484975179
4.123872495832897
3.0707071991193864
2.374717530750093
2.0093719249679927
1.7551714777946472
1.428279500632059
1.2115588500386192
0.9467681830837613
0.902743474358604
0.7758424977461497
0.7871138886326835
0.671421752799125
0.8364589405911309
0.6730822168645405
0.8422767101299196
0.5678907519295102
0.4255206783612569
0.5010912666718165
0.5527769053088767
0.36753206487212864
0.6758094167425519
0.6615463062411263
0.5962441357828322
0.3866610037428992
0.33748620606604074
0.38666703764881405
0.39265032006161554
0.2749653383202496
0.3150220217094535
0.4002682382152194
0.46461552949178786
0.26322316679926144
0.4533464948070191
0.34303169289515134
0.3208350831908839
0.2735558987728187
0.3149376889424665
0.3167802695894525
0.2880837739933105
0.3090130221985635
0.395712843253499
0.22763496601865404
0.29216253597821507
0.29340981053454535
0.15591575631073543
0.2746088330944379
0.40960855941687313
0.2509787835712944
0.22220705547148273
0.34113522264219465
0.3679232189343089
0.42416483997589066
0.37255919653744923
0.28509697921219324
0.30159496356334003
0.2750180106432665
0.33854549200761885
0.28015800281649544
0.40699228679849986
0.22648464444847333
0.41413605115598157
0.4078795540900457
0.24237191969794886
0.19088511195565974
0.292145724630072
0.23904680371994064
0.42788975934187573
0.2719864299786942
0.24377786084299996
0.2874683356356053
0.24470989867335274
0.31065629041265874
0.2746474004927136
0.4621204285926762
0.3460409187135242
0.34748033221278873
0.3340621709468819
0.45697355474389734
0.22901286291224615
0.30466087801115854
0.33475066827876226
0.1694435343323719
0.22765252082830384
0.24254268762611209
0.24840669546808516
0.23471754656306335
0.3142224300120558
0.31575641798831167
0.2695396744779178
0.2689443487851393
0.3530434001059759
0.33466704269605024
0.2832678130694798
0.21868090845999263
0.2747528959243071
