24.019248962402344
20.21193348277699
15.642936706542969
10.549626870588822
5.743919806046919
2.3850411664355886
0.956649208610708
0.3069960136305202
0.3044019625945525
0.22626159272410654
0.2072607996788892
0.2539285583929582
0.17818110097538342
0.11678442697633397
0.15747766535390506
0.15932184593244034
0.17913684723052112
0.06490734659812668
0.15892377428033136
0.12582083080302586
0.15060531009327283
0.21646042235872962
0.17735749449242244
0.15401417016983032
0.18522585200315173
0.11631644788113507
0.21589270589703863
0.04496267421001738
0.12277339398860931
0.1478183174675161
0.13074845177206126
0.10467937283895233
0.08166487277908759
0.1139531997455792
0.07359317656267773
0.12419346110387282
0.13399684022773395
0.10128370875662024
0.10084571790966121
0.07334749299016866
0.10514018024233254
0.12651876952837815
0.06458453072065656
0.1303179177709601
0.0760495677929033
0.097609378058802
0.10471975159916011
0.12506049397316846
0.0746406421742656
0.11873069405555725
0.07250052080913023
0.05342815545472232
0.08006160028956154
0.11015921831130981
0.07467986499382691
0.1284591399810531
0.0746889217672023
0.11330790733071891
0.06637676500461319
0.11690605905922977
0.06725120870396495
0.0823995124718005
0.08307959986003963
0.08376752873035995
0.05823185447264801
0.12449273111468012
0.10917232050137086
0.08434655246409503
0.10597342659126628
0.06541578861122782
0.07989295893772082
0.07006654007868333
0.11027929373085499
0.0612018924545158
0.10131149789826437
0.11898399059745399
0.07397691008042205
0.0748063399541107
0.0928873424841599
0.08977569470351393
0.10738449950109828
0.06998533061282201
0.07204291520809586
0.13301691599190235
0.13741991618140179
0.07045154781504111
0.0881242286413908
0.13041563535278494
0.09560717405243353
0.07635479369624094
0.10671988197348335
0.0680247579108585
0.13932778550819916
0.06579114344309676
0.06473210132257505
0.08934657953002235
0.09816064092923295
0.1093398066745563
0.10056600465693256
0.1272026818584312
0.10345712896775115
0.07067383554848758
0.10926612568172542
0.05435508625073866
0.07453695125877857
0.05735302699560469
0.13030773011798208
0.07486309195784005
0.1113338978453116
0.10290088860148733
0.08241240070624785
0.05319860763847828
0.07740413770079613
0.09459083087065003
0.12170722928236831
0.07708449526266618
0.15044057674028657
0.09679804674603722
0.0739728468046947
0.11387425762685863
0.056119574064558204
0.07097818042066964
0.06976459378545935
0.06294018267230554
0.08213717744431713
0.08672423085028474
0.10676038603891026
0.11476903070103038
0.04285382335497574
0.07824626954441721
0.1324429079382257
0.0681508102200248
0.04970447888428515
0.10873320732604373
0.06754198094660585
0.06401263837787238
0.07099725204435262
0.05444002744149078
0.09386101310056719
0.06747088191861456
0.09360757707194849
0.08507684753699736
0.07109004208310084
0.08568060008639639
0.10707182843576778
0.05915409563617273
0.05642761340872808
0.12290782481431961
0.07995409620079127
0.11637894131920555
0.062452430752190674
0.11202825842933221
0.09582360664551909
0.045682312158698384
0.0656789844347672
0.046803799881176514
0.1220544536005367
0.08046931180764329
0.06921874934976752
0.08235238390890035
0.08080316809090701
0.08355615203353492
0.10061754997481
0.09364325815642421
0.13188194754448804
0.07244418053464456
0.08701043643734672
0.06500656327063387
0.10460472174666145
0.0864415734329007
0.11248240382833914
0.07009886103597554
0.08159359476783058
0.08475751700726422
0.12019896574995735
0.10413302362642506
0.0977328959852457
0.09049262783744118
0.08484839038415389
0.08330490101467479
0.11042523959820921
0.07415633039040999
0.0622246770018881
0.1248128680004315
0.09128024090420116
0.0714837998490442
0.06629960010336204
0.08879178593104536
0.07485461412844333
0.08017019571905787
0.07529964128678496
0.07790968812663447
0.05826688828793439
0.06063963235779242
0.07158240565860813
0.09229931133714589
0.10072003508155997
0.05826773519881747
0.11866032907908614
0.10025254366072742
0.0526336749846285
0.12501181865280325
0.08324290422553365
0.116104434159669
0.11295726167207415
0.09117352556098592
0.0976826414804567
0.08005110767077316
0.10136362808671864
0.0732942105016925
0.07811093296517026
0.0826703743501143
0.04517291029068557
0.0994834964248267
0.11364779358899052
0.09779677946459163
0.06769280084832148
0.10663124749606306
0.06301247971979054
0.09375744617798111
0.09474707428704608
0.05087313267656348
0.12071994590488347
0.07215576822107489
0.1308755473318425
0.09588503956117413
0.1073169694705443
0.08134006895124912
0.06937826001508669
0.1689606039700183
0.0700834547592835
0.05457955107770183
0.11417762308635494
0.09032679891044443
0.051422644067894326
0.11028417318382046
0.048933607610789215
0.07719652625647458
0.11719257469204339
0.13805406709963625
0.11186037077145143
0.0909646563231945
0.052475514567711136
0.08966796269470995
0.08896276422522285
0.18003759228370406
0.08008139343424277
0.07560064745220271
0.08509876782243903
0.11978434161706404
0.14268704706972296
0.09848270768469031
0.12913297980346464
0.11111715359782631
0.11569608324630694
0.06602873246778142
0.08734884113073349
0.060784192247824234
0.1462892975488847
0.10831468112089417
0.08409412526948885
0.09797501293095676
0.06761059689928185
0.05228091810237278
0.09048310531811281
0.05729394660077312
0.06369258564981548
0.07620871718972921
0.14071822030977768
0.055253016677769745
0.06490223329852927
0.1188231340863488
0.12259995226155627
0.07393935136497021
0.08322009241039102
0.048968366431919014
0.06924434692006219
0.09741102413020351
0.12888702953403647
0.09592204422435978
0.09515818851915273
0.07265249826014042
0.0816845412958752
0.13017496322704988
0.0758223809640516
0.10528112067417665
0.15113915105096318
0.051958417604592716
0.09085018153895032
0.0992828995328058
0.06410424749959599
0.09862498803572221
0.09024378403343937
0.08955394273454492
0.11116768555207686
0.07061916674402627
0.09774949418550188
0.08020189065824855
0.11510092324831268
0.0929379810325124
