9.20119571685791
2.016933863813227
1.6194981878454036
1.2114913897080855
0.827381432056427
0.5478359135714445
0.5325385833328421
0.46435560150579974
0.1924828907305544
0.20398998328230597
0.11759967255321416
0.06655394624580037
0.0364218040115454
0.020793495361100544
0.017646444284103134
0.01321334671229124
0.009743818801573732
0.006289111915975809
0.005813073885457759
0.004703067084351046
0.0035141701757145875
0.003196131567661227
0.0029576288612919266
0.0028618700585370375
0.002942923048976809
0.0026617504078206944
0.0024594607437558643
0.002939566431119932
0.0022980063791196285
0.002464203212928789
0.0022360719297218816
0.002427420342428377
0.0021137534389378165
0.00201982551483194
0.0020111379893602466
0.0019297198372938014
0.0019056541056918584
0.0018688624070571016
0.0018218961362105222
0.0017971999736387675
0.0017711117825042907
0.0017438820450479398
0.0017725309002840236
0.0017066005559833932
0.0016467107966904719
0.001614649661901653
0.0016170036880628852
0.0015987633203787316
0.002009971151396299
0.0015730819088937344
