15.974744070143927
7.535381186576116
6.5139837094715665
5.95934255917867
4.473393792197818
4.50924243245806
4.368636125609989
4.371307594435556
3.674021615868523
3.8764734892618087
4.12968491372608
3.54309089978536
3.953294044449216
3.9065172388440086
4.063719894204821
3.820525538353693
3.7189917053495134
3.883384869212196
3.4975408088593256
3.302695859046209
2.8856605603581382
3.4663743518647694
3.3493219443729947
3.251940809545063
3.311838467915853
3.3548152844111123
3.793187453633263
3.528208789371309
3.5202247557185946
3.7276953742617653
3.4587711152576266
3.598995577721369
3.463567608878726
3.3653709491093955
2.614613623846145
3.4614690712520053
3.246469940458025
3.6392920301074074
3.564944800876436
3.291414987473261
3.71396575655256
3.130868057409922
3.18379799524943
3.3253145047596524
3.3160330142293657
3.4906090838568553
3.1334940166700456
3.4073288327171687
3.4389915352775935
3.6613111155373708
3.8140607618150257
3.2150214115778604
3.1711444627671015
2.797638842037746
3.250178268977574
2.961146144639878
2.683322537513006
2.45611439148585
2.6116061437697637
2.850661503417151
2.818818591889881
2.8885564491862343
3.7831704644929793
3.090871566817874
3.0029901280289604
2.7890001138051352
2.932683649517241
2.9711992627098445
2.8033718722207204
2.7722112905411493
2.9934236464046298
2.78228778782345
3.406901331174941
2.9721937009266446
2.670970158917563
2.55126622744969
2.8855160077412925
2.864451005345299
3.145247316076642
3.3006049678439187
2.77037212962196
2.9762182349250432
3.3045170307159424
3.0100108782450357
3.2245358427365622
3.091713635694413
2.8905611605871293
3.373857333546593
2.958670184725807
2.611703793207804
2.987544780685788
3.2895100514094033
2.8053618385678245
2.61723191965194
2.869572338603792
2.89630226010368
3.0292425666536604
3.2244636728650047
2.9171422521273294
3.0338778836386546
