43.152550957419656
30.84358484094793
26.224897904829547
17.245773748918012
17.432692527770996
11.966644027016379
9.187002528797496
10.395303162661465
11.790097323330967
9.309957937760787
7.8100174557078965
6.424415371634743
5.335568297993053
5.22431393103166
4.761038736863569
4.760059530084783
4.5210489359768955
4.7352261326529765
4.989799499511719
3.8007697625593706
3.743241938677701
3.841952854936773
2.8221910324963657
2.9573650901967827
3.112252192063765
2.977346821264787
3.2285105965354224
2.5510624538768423
3.347327947616577
3.4669866995377974
2.845699126070196
2.3525808399373833
2.5068934830752285
2.2839208732951772
2.1997567306865347
2.223157460039312
2.1075489304282446
1.9272201169620862
2.1876824769106777
2.0680845975875854
2.290178559043191
2.566524483940818
2.500965578989549
2.3621465780518274
2.4037551663138648
2.4570233713496816
2.224245082248341
2.426998653195121
2.2110573920336636
1.856794541532343
