21.536749294825963
17.155827386038645
13.666043099902925
11.668187936147055
10.044866232644944
7.3810936269306
5.321287274360657
4.827388048171997
3.504616544360206
3.544375621137165
3.036862776392982
2.745275542849586
2.569035393851144
2.267328075000218
2.254613425050463
2.3254716963995072
2.480516328698113
2.1428857843081155
2.2128405570983887
2.2258020100139437
2.3316109833263217
2.3202092335337685
2.2148655965214683
2.320687487011864
2.1710980846768333
2.2310599429266795
1.9610967210360937
2.1272614683423723
2.1163476535252164
2.113049314135597
2.0178740535463606
1.9163250582558768
1.8520108887127467
2.157478250208355
2.1020522656894864
1.8949804717586154
2.065054569925581
1.89632591179439
2.1861049958637784
2.036369357790266
1.9428642221859522
2.0040880952562605
1.7804253981226967
1.8370430214064462
2.2099931694212414
1.9456182661510648
1.7863542976833524
1.7957834601402283
1.7433476817040217
1.8824035298256647
1.7051714985143571
2.0508259591602145
1.7881545679909843
1.7806757390499115
1.9652105286007835
1.8740805359113784
1.7534417424883162
1.680188380536579
1.5930129176094419
1.7891125082969666
2.031424093814123
1.7268618884540738
1.8231855659257798
2.0159115223657516
1.7899196914264135
1.9637785270100547
1.7106714575063615
1.9218121866385143
1.826550801595052
1.935626296770005
1.7608757075809298
1.8281876615115575
1.8153990762574332
1.8437560910270328
1.87560278461093
1.9719160341081166
1.6925027001471746
1.8061510438010806
1.8500269112132846
1.806952436765035
1.7262911739803495
1.8882351219654083
1.956525825318836
1.824644731623786
2.036160911832537
1.8420913616816204
1.8729426903384072
1.7496132084301539
1.7351557498886472
1.7148786272321428
1.879948806195032
1.6755712174233937
1.8073413854553586
1.852685803458804
2.0049235820770264
1.8828356237638564
1.7436536834353493
1.8024863458815075
1.8747245896430242
1.9497978942734855
