19.760685466584704
14.974486555371966
10.017212402252923
6.588954221634638
4.102911665326073
2.908558720634097
1.6960241482371377
1.2230154772599537
1.0413256741705395
0.9375353881290981
0.672391897156125
0.7324658437144189
0.5542581443275724
0.6133329077135949
0.5566931521253926
0.5262665645707221
0.3757471176130431
0.5562669212619463
0.5184523051693326
0.5295316307317643
0.48537412676073255
0.37086264611709685
0.4456113424329531
0.40398122512158896
0.37021703610108014
0.26781410271567957
0.4021076698388372
0.5088844554764884
0.30755286876644405
0.2773226925304958
0.2655776473028319
0.31992468956325737
0.4720458487669627
0.20756149008160546
0.16563794744156657
0.4148876573003474
0.28055154461236226
0.27897408107916516
0.42013577088004067
0.25435782720645267
0.30839255682769273
0.38566401849190396
0.49626205755131586
0.23419033221545674
0.24312150105834007
0.28500967379659414
0.28685653981353554
0.26147530174681116
0.3581828854623295
0.2560991690981956
0.2559484277097952
0.4587868397079763
0.3251473783471045
0.29575762436503455
0.23816426524094172
0.41626340780584586
0.26880872302821707
0.3053107601368711
0.3116976258655389
0.3117516188039666
0.2569953231584458
0.24691636026615188
0.3489424479859216
0.35856302659071626
0.36897729452522027
0.3237071794102944
0.4015666959541185
0.2690610500673453
0.4083548092416355
0.33517008434448925
0.3188119259263788
0.3619069747094597
0.24240204567710558
0.39524958353667033
0.41985382937959265
0.48523698764897527
0.36418543685050236
0.3972657876355307
0.21875897963486968
0.32770469536383945
0.3547053981927179
0.38975576417786734
0.3114273629727818
0.40361071936786175
0.43442447636542575
0.2686164214142731
0.12869783632812046
0.37412027766307193
0.2967817476906237
0.35425836459866594
0.39336019896325614
0.223147212572041
0.2685174696324837
0.25835122788945836
0.23815231335659823
0.433938733701195
0.379037352367526
0.17465925589203835
0.28726246066036676
0.19830518854515894
0.2968912819134338
0.2906172964721918
0.37644663187009947
0.19538044494887194
0.32539242479418007
0.2970139820217377
0.32088119589856695
0.23218389285639637
0.38374040878954385
0.23905642916049277
0.28613207524731044
0.29923018671217416
0.2956281300811541
0.2553361626341939
0.3406539852065699
0.31119675446479095
0.19384404431496347
0.27231177049023764
0.3313365677992503
0.3089701153692745
0.32433068468457177
0.2762419304677418
0.31651935371614637
0.31180125492669286
0.31500230738449664
0.36499547993852977
0.2514686907331149
0.24030321322026707
0.2679420223548299
0.20808005767563978
0.3224020967526095
0.21890922768839768
0.3135135430133059
0.1946170162409544
0.1848768764840705
0.294068414673564
0.45793565132078673
0.254269439860114
0.1981290490144775
0.32923795531193417
0.24793469719588757
0.32667644907321247
0.30593895118328784
0.2230243557798011
0.2989105333884557
0.37178218613068265
0.3563625003832082
0.2914601984832968
0.32392476392643793
0.35638204571746646
0.29408745520881246
0.2016901190703114
0.35392801383776323
0.28943142516627196
0.3546236666540305
0.3994504404032514
0.2934982018722665
0.35073828874599366
0.2662978143919082
0.34060655285914737
0.14838723306144988
0.3521622603847867
0.19579766486727057
0.19288466994961104
0.2203460442168372
0.2870638808679013
0.39198549278080463
0.23107037560216018
0.28511999033036683
0.2800020155984731
0.4281254160617079
0.2631898572934525
0.40138914675584864
0.4239442545388426
0.25181209943479016
0.31406613625586033
0.21629923519988856
0.2310336029068345
0.22950198270735286
0.27501901070631685
0.2893363329626265
0.2510714509657451
0.3802600134873674
0.332869552785442
0.3931698373385838
0.24729890110237257
0.35172847835790544
0.2695115723070644
0.26453031821265105
0.3860097846814564
0.23162553503754593
0.2331881265022925
0.2470556382267248
0.28248910712344305
0.3372194931975433
0.24001115285569713
0.29080393271786825
0.2331878821409884
0.5356745114993482
0.2753853892375316
0.29508479099188534
0.32030766439579783
0.19390866045086158
0.18164169131999924
0.3549653756476584
0.14427490288480407
0.33412934174495085
0.33348599839068593
0.2809504879017671
0.32394427717441604
0.23274280547740914
0.33762387266116484
0.3114983940585738
0.2736149088790019
0.2891566709482244
0.365876808230366
0.4080675377377442
0.21819433268337024
0.1987790075086412
0.2866543178402242
0.4321779176770222
0.3501945532680977
0.31992795531238827
0.30547971624348846
0.35784568371517317
0.3290844112634659
0.2740020930234875
0.3440801216555493
0.22836201992772875
0.2657745194931825
0.43257756495759603
0.2608997555715697
0.41082249191545306
0.29456904175735654
0.20742848417943432
0.24436704184682595
0.2586083339438552
0.16404519797790618
0.44521461711043403
0.4082623441659269
0.27903501361253713
0.44929379721482593
0.44630322321539834
0.3112600322458006
0.26018497968713444
0.3959834634193352
0.2694973890625295
0.26397910758498166
0.42260471873340155
0.29908052264224916
0.22096202220945133
0.1326780485077983
0.32178694364570437
0.39887082603360924
0.42506478088242666
0.25735426499020486
0.28095132165721487
0.3855627290904522
0.20175853744149208
0.3889908698343095
0.24829655220466001
0.3214889150999841
0.2654795280347268
0.3180806225254422
0.18166802752585637
0.2365255735459782
0.41530729085206985
0.2841991280161199
0.4166239600273825
0.272613418421575
0.2532142033534391
0.3653474079356307
0.24665324939858346
0.2104536926462537
0.35155490785837173
0.298694573076708
0.26443598987091155
0.3140582593956164
0.2343743604918321
0.28640296469841686
0.45966387628799393
0.3867879520569529
0.3155368497329099
0.36443059824939283
0.21415455213614873
0.38248678607245284
0.27588283447992235
0.4451826608606747
0.4236361396809419
0.3823292017692611
0.45068718067237307
0.206432581524409
0.2841148649652799
0.2877149808974493
0.2822320070117712
0.3247954932351907
0.21334017378588518
0.30315986772378284
0.38356000282579944
0.18189935767579646
