171.96638723520132
171.9152423418485
171.7603737757756
212.5113227917598
170.52475767869217
169.9838822071369
168.98069895230807
168.32346399013812
168.22237022106464
167.5759433232821
178.74137174166165
165.56260798527643
164.59937396416296
164.24796298833994
206.36878794890183
162.62378399188702
162.06054008924045
159.3546493603633
158.80436952297504
160.22516595400296
167.32290997871985
157.56091284981142
158.95904291593112
158.36644961283758
165.51493982168344
155.07127083264865
156.5470564181988
155.32662639251123
152.23293242087732
150.23327838457547
150.1420033161457
154.15191551355215
153.35308122634888
151.63618542597845
150.85393784137872
149.6457392986004
190.87430337759164
146.3486562508803
147.81845019413873
147.46234725988828
144.5784830863659
146.07161338512714
157.78746801156265
144.44888324003952
146.65180452053363
148.5868562735044
143.71030282974243
142.18302172880905
140.14685306182275
144.65368030621454
140.43268887813275
139.878079359348
141.98406613790073
136.81992031977728
134.68218460449805
134.83088397979736
140.19513763831213
138.03381512715265
138.34372056447543
139.85565719237695
173.88806660358722
152.51923458392804
133.28761893052322
133.84124374389648
136.68315828763522
182.27419973336734
128.67062893280615
127.96622345997737
126.84584815685565
135.5913323530784
130.22204986902383
132.58871825841757
126.81252593260545
129.1582395205131
167.38612233675443
124.95134091377258
126.93452394925632
131.04647100888766
127.80738870914166
122.99678097321437
124.87864431968102
166.2670841217041
180.68109127191397
128.46301306211032
129.3126441515409
127.79704194802504
124.03790811391977
120.94657769569984
122.20705026388168
123.66401129502516
123.61452171435722
124.74895269137163
123.83489485887381
125.57835054397583
121.86927338746878
125.75174634273236
128.98476006434515
171.49592111660883
124.79768778727605
186.51644776417658
188.91372779699472
122.64987407280849
126.10867261886597
117.34462549136235
124.48014932412367
117.5304838327261
162.99480584951547
139.15114852098318
126.28536084982065
118.27160252516086
119.13236694152539
117.17282653771915
121.42286115426283
117.5290904045105
121.68006671392001
116.17294382132016
120.96904590955147
122.1498716886227
130.08369025817285
117.57872911599966
116.42733747225542
116.86133681810819
115.98374313574571
123.60566262098459
115.20477914122435
118.70171763346745
120.13565828250005
117.9988421522654
118.3427480737222
120.37049053265498
117.26550538723285
116.05654766009404
113.9115655215887
118.13508546352386
116.4354241169416
117.93289971351624
116.35339241761427
174.35931325875796
116.14826393127441
160.83536491027246
127.0947264616306
111.95293136284901
114.57179783857785
115.31235616023724
110.28253864783507
118.0732758320295
119.66521594616083
117.44635002429669
115.31988231952374
114.54377091847934
