21.345354988461448
15.690522920517694
10.303683542069935
6.500219628924415
4.921029868580046
3.7412198100771223
2.4245213639168512
1.9691714034194039
1.7727438466889518
1.6567047011284601
1.3129926792212896
1.090896556065196
0.9638741186686924
0.661243295385724
0.7915763989800498
0.5421118388573328
0.5607265397196725
0.6819677899281184
0.6841564987386975
0.4469426614897592
0.5296157169200125
0.5209926498078165
0.38138264914353687
0.5114770371999059
0.5453399794087523
0.46048022026107427
0.4400339818426541
0.5548151121253059
0.3564462748666604
0.38198731059119817
0.6102381572127342
0.3935681269282386
0.3370781434433801
0.3817907866267931
0.4198099871476491
0.2433429327571676
0.28357122873976115
0.3243119614642291
0.2108249572061357
0.4105966738646939
0.41534723847040106
0.2941461657839162
0.23374103391099543
0.2087689893586295
0.41761231386945363
0.26197761563318117
0.35351203488452093
0.4805232155181113
0.44028423070198014
0.4925655396211715
0.4934237310219379
0.41919554823211264
0.3737302803922267
0.38638677075505257
0.3572694586501235
0.2693155658032213
0.34129863658121656
0.26114029188950855
0.25430006791083587
0.3142794796398708
0.42274775444751694
0.3603109239290158
0.39125811326361837
0.24246121659165337
0.33312714099884033
0.4069691685338815
0.23982407418744905
0.3209558517805168
0.37349551348459153
0.20157901020277114
0.3579116301344974
0.29380827858334496
0.33392295454229626
0.28714201883191154
0.3991989195346832
0.4094307738400641
0.32039877665894373
0.4154091246780895
0.3320393965003036
0.24320511945656367
0.45957442550432115
0.3390689727273725
0.44234331360175494
0.3733592395271574
0.3034610268438146
0.4352826578986077
0.3774699089782579
0.23471797576972417
0.3743056832324891
0.421634751416388
0.3592040180893881
0.22890847708497727
0.3192977040473904
0.2665716610139325
0.3701768173348336
0.3546554011603196
0.23132978273289545
0.33889210862772806
0.2734296765355837
0.23463531490415335
0.4683840378586735
0.32176880609421504
0.303881984913633
0.30062779411673546
0.23944862293345587
0.2659422933523144
0.31574476492546855
0.3489772989636376
0.444094719099147
0.27117953378529774
0.21795783475750968
0.17688731982239655
0.4483273650209109
0.2560011510781589
0.346055461005086
0.384772291850476
0.2653956056705543
0.1845145241490432
0.3242186487075828
0.39912058962952524
0.45326313305468785
0.21965997027499334
0.2784904862443606
0.35433031618595123
0.24265919102444536
0.29325257383641745
0.46922648041730836
0.4195253461421955
0.2723902187177113
0.395638255225051
0.3751325073341529
0.2411919810942241
0.29804100859023275
0.38001750835350584
0.36597713588603903
0.3118523856004079
0.33686890541797593
0.42347075417637825
0.33173637837171555
0.31953147284331773
0.5424413401633501
0.44986184704161825
0.34030401706695557
0.4262763632550126
0.26533503653038115
0.30533136059308336
0.35587613337806295
0.3284342497409809
0.326351288883459
0.21697418475967079
0.23335179003576437
0.2783624387922741
0.39916364076946464
0.18279246169896352
0.44642899340639514
0.33028210965650423
0.3329845776870137
0.42514904127234504
0.30763682829482214
0.34798275271341916
0.31309859383673894
0.36747662261838004
0.2310017111400763
0.38519253049577984
0.3186460520539965
0.4615561454778626
0.45015558564946767
0.48641607129857656
0.33814859354779836
0.2674041255598977
0.3626428757395063
0.4538533426821232
0.31206550058864413
0.2659682042541958
0.2572540154769307
0.3535947608983233
0.36442432304223377
0.4573705783557324
0.241838762093158
0.38827983325436
0.4556687698655185
0.32225934025787173
0.28230877876991317
0.3116743093622582
0.44708376351211754
0.419737349219975
0.34589296623709653
0.2764823968921389
0.4543097265774295
0.28076909943705514
0.3353957858468805
0.3480373118959722
0.405615435647113
0.16567043064250833
0.23099405158843314
0.5233145198296933
0.3158302206013884
0.21525046938941592
0.30675007802035126
0.3119250401144936
0.33908868048872265
0.31270267583784606
0.3678791666669505
0.4581781941510382
0.2929783110462484
0.3622234236626398
0.2101945359969423
0.43923920082549256
0.3236228119404543
0.27876472544102443
0.3230425740281741
0.3830005562908593
0.2849029912835076
0.3613461510588725
0.25518669684727985
0.21175082702012288
0.3603516716864847
0.4644663640785785
0.35971435638410704
0.28654993289992925
0.4259950350083056
0.3644386363171396
0.29453622993259204
0.31109084011543364
0.43995812641722815
0.3486759574374273
0.31732438282952424
0.3053239926341034
0.35871533020621255
0.48079868370578405
0.27243654642786297
0.2789985587199529
0.33196943767723586
0.3142296307321106
0.2584706182990755
0.2535703206168754
0.495111548297462
0.4003466141543218
0.2484145923739388
0.24715121037193707
0.2788797209837607
0.4186828245985366
0.4209181506718908
0.3509811558538959
0.30173982085571405
0.5138425498846031
0.2400819260094847
0.26483735406682607
0.41083934690271107
0.3836596601066135
0.4890802821942738
0.27645018395213855
0.3402723183944112
0.40227080650982405
0.2812056142304625
0.3941947668790817
0.44940042513467016
0.36023828679961817
0.4404133340077741
0.5377385194102923
0.3891271501779556
0.29928020316930043
0.534158617967651
0.4369922319338435
0.44768218802554266
0.24613308019581295
0.3125126005283424
0.341828352106469
0.33048689205731663
0.2484394609928131
0.46765643925893874
0.5545738612612089
0.3328442256010714
0.23450731805392674
0.272102785607179
0.36408586693661554
0.349625745876914
0.3969705615724836
0.40540567687934354
0.28730626883251326
0.3991566655181703
0.33624454623176936
0.2931417656973714
0.2595425711146423
0.448862193507098
0.38621286320544423
0.33302659257536843
0.4017580926773094
0.2865919704948153
0.36800690456515267
0.2735146331999983
0.32553095796278547
0.4117135982073489
0.2802229935214633
0.26510737357395037
0.48120985251097453
0.2161084179367338
0.37340073997066137
0.31629640821899685
0.5189600201057536
