154.7296718450693
146.97324921534613
139.707388987908
134.4390758734483
137.98402151694665
130.97006739102878
123.08213551227863
119.81125941643349
116.80004545358511
108.89917417672964
109.49925085214468
106.78102801396297
109.61998044527493
103.81179369412936
107.79486773564265
102.43065481919508
102.26099102313702
99.40663939255934
99.40894897167499
114.51796561021071
100.034547659067
108.22883429894081
99.58345163785495
104.05170616736778
100.11170211205116
107.55182280907265
100.16452143742488
99.49034353402945
102.536285840548
102.13245641268216
101.96652925931491
101.62509213961087
99.56013928926907
99.025450192965
103.01436233520508
103.58521725581242
99.02001432272104
105.71323959644025
99.21068147512582
99.8475811298077
102.82386985191933
99.11310210594765
101.3950550372784
101.12310380202074
99.28376373877892
98.61364526015062
98.88888740539551
103.00723442664513
100.14972862830528
99.25222543569711
100.34458292447604
103.96233998812161
99.87570469196027
103.11867655240573
98.95360719240628
98.4727909381573
104.7809078509991
97.90219717759352
102.03033982790433
95.84787992330698
97.16195796086238
96.16489425072304
95.14081331399771
96.00231530116154
95.06630384005032
98.6213465470534
102.4687563089224
100.04143729576698
99.97763083531306
97.79162304217999
94.04921575692984
99.62477845412035
96.49508828383226
98.36381670144888
96.07422106082623
95.7105202308068
98.03148533747746
98.01293710561899
91.16044829441951
95.1552367577186
94.02645903367262
92.34226549588718
89.4490714439979
89.01711669334999
88.97944259643555
93.46095892099234
88.2503180870643
89.08288522867056
89.31275353064903
89.17160533024715
87.31983294853798
87.14164997981145
85.50758823981651
89.52351614145132
86.98708512232854
81.20490506979135
84.46992918161246
82.86223323528583
81.6778927216163
86.34855989309457
82.481184225816
80.52612524766188
82.696197949923
90.42600558354304
80.84387309734637
84.36270134265607
82.1857979114239
80.27457222571739
83.86157534672664
80.19971623787514
85.55265485323392
91.87208017936119
82.35879014088557
82.42604402395395
86.76213902693529
83.84926942678598
78.39111749942487
79.925901559683
83.61566631610577
83.05001706343431
82.40503333165096
92.04623603820801
80.75206668560321
77.16984426058255
77.75151674564069
82.49686985749464
80.80806783529428
79.04083626086896
83.06023076864389
78.12830110696646
80.52948109920209
81.51807473256038
76.98169524853046
84.86106637807993
83.05177428172185
76.2094560769888
80.538610128256
83.0231833091149
82.56842077695407
85.22660121550926
78.62856674194336
78.83993948422946
80.65282352154071
80.99409954364484
78.30129491365872
84.36349120506874
84.22838915311374
84.29686032808743
78.6973867049584
76.09103435736436
81.27163857680101
78.61697754493126
79.34977406721849
79.0516408773569
83.07649194277249
83.40084985586313
80.63819496448224
80.15190623356746
78.18646915142352
79.14137620192308
82.7338705429664
79.28599104514488
77.10312557220459
79.98888499920184
84.72041236437283
79.32416813190167
80.12055521744948
83.69676538614127
76.914383154649
77.81656896151028
80.72640851827768
81.03331507169284
77.15696653952965
89.93574736668513
80.11290733630841
81.89760637283325
81.10066995253929
76.9771602337177
78.17650329149686
82.0372921870305
76.68024778366089
79.85697687589206
79.05593945429875
79.24224240963275
78.56998443603516
80.17657562402579
78.16797975393442
78.97214126586914
76.64585938820473
81.23478948152982
81.5804494711069
83.97019811776968
79.29365308468158
80.81248826246996
79.32415896195631
82.88906919039212
80.90729698768028
78.99400623028095
84.61723276285025
78.03233308058519
76.78066701155443
81.90987146817722
81.50544845140897
76.95547998868503
79.20429750589224
79.43498332683856
84.52715506920448
82.11696074559138
81.19640977566058
81.78914202176608
81.54891967773438
83.90476080087515
76.61102250906137
80.8679055434007
82.6346713579618
81.09453854194054
76.1166783112746
79.75368099946242
81.0656251173753
77.70537501115065
78.14657482734093
80.25503356640155
78.9712154681866
77.10658385203435
79.97338603093074
80.29798360971304
82.5453557234544
79.68806376824013
80.6646146774292
79.29865679374107
79.36882026378925
79.37475666633019
78.8108559021583
78.86657788203313
80.36268909160907
79.16763144273024
83.3898807305556
78.48927923349234
77.116698044997
81.59094230945294
77.01127015627347
78.08092003602248
78.05338243337778
80.42190683805026
86.29527675188504
87.0427492581881
84.83095535865196
76.18285193810097
88.49505483187161
79.81678603245662
80.05605712303749
79.89354353684645
81.91265531686636
80.12791101749127
77.28640057490422
79.21655119382419
78.57459317720853
80.18896220280574
83.22081393461961
80.84207190000095
79.02701509915866
83.14841813307542
79.80661707658034
86.8132842870859
85.41496889407819
78.828580562885
78.09468401395358
78.2994447854849
78.59361765934871
79.61131675426776
81.25955684368427
80.47331824669472
79.43293446760912
78.29885130662184
80.18569146669827
82.96680391751804
78.09009792254521
81.61606773963341
83.31903398953952
77.63474823878362
77.3990971491887
79.40822865412785
84.0697889328003
76.04608020415672
81.17437149928166
79.45155558219322
78.35826466633723
85.2351403603187
79.45313127224262
80.7373488499568
80.2961500608004
78.65097370514503
76.91201752882738
77.91833740014296
81.28785309424767
78.78297494007991
80.73909554114708
80.37044429779053
79.72557874826285
79.91187550471379
80.91441543285663
77.40267234582167
77.94730795346774
81.35922758395856
78.2858792084914
79.33245746905988
88.13493215120755
82.05314856309157
78.36987011249249
84.77928755833553
76.1428196980403
77.91235131483812
77.69826206794151
83.05776405334473
79.3618010007418
84.6779006077693
76.88223978189322
76.63370158122136
82.14104524025551
78.34822566692645
79.97820692795973
79.43986386519212
77.84296644650973
79.69254625760593
81.83715160076434
78.26643430269681
78.61387274815486
76.95945057502159
76.82526768170871
81.75778950177707
83.61802299206073
79.3416381249061
78.56266146439772
81.55586869900043
82.12704233022836
83.86994398557223
77.32851226513202
80.64877935556265
77.615755374615
82.38579658361581
81.16318717369667
81.9066359446599
77.72564106721144
85.70225554246169
85.71140127915602
83.510193164532
83.5056903545673
87.18534528292142
77.89792941166804
85.8107795715332
79.28339407994197
82.68579512376051
78.45256820091835
78.2388292826139
81.71422584240253
83.74294545100285
80.40750045959766
77.98843215062068
81.26409083146315
79.57690326984113
74.72434605084933
77.84956539594211
76.85758473322942
82.68928212385912
78.30888652801514
79.74450922012329
77.60570188669058
81.16238561043373
81.46156817216139
81.92942076462965
79.20945699398334
84.43226154033954
81.09051462320181
81.85277979190533
83.73543798006497
81.0628271469703
78.27429701731755
77.23545896089993
79.142822265625
79.5631667650663
77.36701767261212
76.84345832237831
80.91844529371996
81.02415429628812
79.53367086557242
78.32493525284987
85.75603690514198
88.77334715769841
77.59336097423846
81.84464454650879
84.95844554901123
83.99357458261343
79.8707263653095
81.87924656501183
78.02329261486346
82.87899552858792
77.54320247356708
78.56415433150072
81.7762691791241
78.47521039155814
76.63120194581839
78.4851068349985
83.01989276592548
78.96965100215031
81.22139644622803
79.41401521976178
75.63080068734976
76.8451469861544
82.88735499748817
77.63853219839243
80.98409197880672
79.08524579268236
83.30193460904636
77.11584230569693
80.17642299945538
80.23699305607722
81.63094946054312
79.96486693162184
79.1149661724384
75.79676906879132
83.19080631549542
81.54405724314543
82.95384509746845
83.7334481202639
78.85120157095102
85.7645275409405
80.18214148741502
82.37016765887921
81.16165872720572
85.31083158346323
79.29307138002835
79.32766283475436
82.2790882404034
79.0154914855957
79.40922729785626
80.36703227116512
78.87082360340999
82.11805695753831
84.45754843491774
78.71723952660194
79.89200669068556
78.45391831031212
79.3658421589778
88.32577184530405
77.6146518267118
79.84185651632455
82.84182284428523
80.71107275669391
79.0262788625864
76.55614324716421
79.96541478083684
83.35570760873648
81.00445688687839
77.87509650450487
85.73570156097412
78.52839792691745
76.62231034498949
77.66802952839778
82.31216951516959
78.14138383131761
77.83307412954477
83.26880642083975
81.72345132094163
79.69722410348746
77.1700457426218
77.28694871755746
78.95276069641113
80.36756786933312
77.58806470724252
83.11471697000357
84.02321844834547
76.39468926649828
88.18723025688759
80.62249887906589
83.08165964713463
82.4530104490427
79.69195479613084
80.1135508463933
75.42509363247798
78.17499586252066
77.39716045673077
79.14636245140663
80.38679005549504
80.29666108351488
85.98993132664607
79.01875851704524
79.6953199826754
81.01476632631741
77.83749081538274
80.4687348145705
78.36295182888324
76.00407200593214
80.03409202282245
87.11825532179613
81.60184933589055
84.74246355203482
90.24243864646324
84.24178050114558
81.56050550020657
80.71883120903603
82.79695833646335
83.17671629098746
79.75661395146297
78.36490689791165
80.2929557286776
77.95473681963406
79.71099985562839
81.21008652907152
80.04996945307805
80.57496360632089
79.78500960423396
78.53664104755109
77.58465689879198
78.36274942984947
78.43611981318547
77.66978588471046
79.3229252741887
80.99193525314331
78.14816284179688
78.43435624929575
79.18003295018123
86.41289182809683
81.67129116791945
80.87338286179762
77.19243849240817
78.79879562671368
78.98190175569974
82.3108075948862
83.68832015991211
83.06940992061908
78.34086300776555
80.37853710467999
80.45327391991249
79.39784937638503
80.55362510681152
80.71642351150513
85.09464711409349
78.55633104764499
83.18904553926907
80.4972903911884
80.55206284156212
78.52988903339093
84.34124124967136
83.30580249199501
82.74516355074368
79.64755454430214
83.12458977332481
76.63912318303035
82.32280107644888
79.94130017207219
82.16939728076642
81.8616943359375
79.90264269021841
77.87523401700534
77.37355459653415
81.9343516276433
81.39594943706805
79.19018862797664
77.66432802493756
78.31564052288348
81.92590067936824
84.19719886779785
82.34124499100905
77.7708803323599
81.76726033137395
91.65531275822566
76.50385225736179
78.19044366249672
80.30836882958046
78.21387833815355
84.27094958378719
75.66177316812369
79.4418318088238
77.30564201795139
80.09884705910316
79.29937355334943
76.88678477360652
76.95594101685744
81.02632229144757
78.42077688070444
79.9845412327693
81.67535283015324
81.20281351529636
79.81745463151198
76.91246382089761
90.14366516700157
80.27681556114784
81.69214703486516
79.71269614879901
76.41504100652841
81.52521111414983
76.87508715116061
81.31666388878456
81.17647075653076
77.27348643082838
78.60180102861844
79.21843998248761
84.9812808403602
76.69123477202196
83.06569557923537
84.25370319073016
83.84731127665593
81.27089647146371
84.82216849693886
80.87748784285326
83.68651742201585
79.68458828559288
78.70299684084378
78.59037061838004
81.59744768876295
81.0210207425631
80.59621326739972
78.51802664536696
80.70297233874982
75.86439411456769
81.78367755963252
76.86194768318764
82.86825502835788
77.35633123837985
79.10841340285081
82.32084112900954
85.37591479374812
79.24883710421048
82.35457163590651
80.70644730788011
81.69827894064096
78.14757464482234
81.61151614555946
81.23701378015372
82.10241926633395
84.09044423470131
80.28523665208083
82.0147292797382
83.15023246178261
79.32435094393216
83.23965542133038
82.5865147297199
78.09588329608624
79.83015790352455
80.84300385988675
79.1845425092257
79.5872777058528
83.78508219352135
80.33654031386742
81.13315054086539
79.71073590792142
78.93752182446994
79.10873145323534
76.92669165249055
83.81424654447116
84.83216201342069
78.70167717566856
78.47598383976863
75.24603735483609
82.86487417954665
81.73420693324162
87.09138606144832
80.10062958643987
81.9808274782621
78.02559734307803
78.68478334867038
79.9994208262517
79.93821965731107
80.23499958331769
79.7398297053117
81.74489079988919
81.73985609641441
81.30298350407527
77.99733690115121
77.67972076856174
78.08795701540433
80.42785380436824
80.81240639319786
79.59516760019156
81.08102079538199
81.81028146010179
86.5724529853234
79.1396537560683
77.80002322563759
81.83236565956703
79.34368507678693
85.98774359776424
86.9385954783513
80.25556270892804
88.42701383737418
76.05315252450796
83.13361784128043
76.95935836205116
82.99474455760075
77.78123650184044
81.80086011153001
79.75887225224422
78.40423393249512
82.59400444764357
83.37546634674072
79.42335950411282
78.98697544978215
77.47227294628436
82.13424770648663
80.24230810312125
78.6966028213501
82.11710276970497
83.36233667226938
76.91405963897705
81.9976556117718
81.13976838038518
78.28623126103328
77.81196286128117
81.6355806864225
77.89154602931096
80.73659104567308
80.07365637559157
83.08049260652982
79.44590326455923
81.71413572017963
81.30806394723746
80.46288607670711
79.00294788067157
84.26891139837412
80.180604494535
80.30402029477634
82.5388854100154
80.12180629143349
80.76367928431584
85.78083177713248
74.5761951666612
82.9100485581618
78.60280990600586
81.17496153024527
79.52944531807533
79.77633637648363
77.8107482103201
81.87715192941519
81.06841028653659
78.50960287680992
78.0777049431434
76.47900053171011
82.06708665994498
78.02707877525917
80.10080682314359
85.85843291649452
84.26920788104718
83.21460547814003
78.91740813622108
78.3154726762038
77.99516191849342
77.01978611946106
83.64104402982272
77.01379383527316
84.45906727130597
78.8181734085083
79.64094073955829
89.35085076552171
78.59624151083139
77.7120527120737
79.56686709477351
76.55445744441106
81.89279057429387
80.72631564507118
80.40265717873207
82.23713640066293
79.8535700577956
81.36187538733849
83.72216642819919
77.23671340942383
81.8728210742657
78.5645966896644
80.6505136856666
81.88854705370389
81.50455628908597
77.50326988330254
82.03003234129686
79.7852651155912
76.01431952990018
76.96376609802246
79.98968117053693
81.74205031761757
82.59894297673152
81.81233853560228
82.80320435303908
76.8861780166626
83.33616344745343
86.28451545421893
81.77624409015363
79.14976572990417
79.77041200491098
78.21666567142194
85.32858819227953
76.66913491029005
76.2989200445322
80.24648380279541
78.19260531205397
80.24657352154071
78.29321553156926
80.17155405191275
77.22931583111102
80.86374301176805
84.3189736879789
77.18727067800668
85.98028777195857
82.81998091477614
81.22422973926251
82.86411842933067
79.91010779600877
78.64213664715106
77.52223994181706
78.1787363932683
80.8888893861037
76.44798623598538
76.97273017809941
80.84916144150954
81.68279178325946
85.67460720355695
79.08237934112549
76.21970059321477
78.27842198885403
81.47875081575833
80.38910788756151
78.1284564091609
76.32011681336623
78.64860035822942
77.64841142067543
84.2486880008991
81.29285562955417
82.13504688556378
80.34674563774696
84.30256916926457
84.1646815079909
79.40909393017108
81.54020104041466
76.91913467187148
77.70923306391789
77.943827353991
76.50046608998225
78.59191102247972
83.94473472008339
77.45673539088322
84.99926295647255
74.39723454988919
81.79131581233098
78.93419177715595
78.86524024376503
89.04722360464243
77.87587745373065
80.86617909944974
76.96116264049823
78.1397324341994
78.15997230089627
83.50972843170166
79.94045316256009
77.88363265991211
77.41309488736667
83.95117275531476
80.19209447273842
82.30104864560641
75.91833650148831
77.01342384631818
84.64386969346266
84.13067685640775
88.15619490696834
78.69742056039664
84.9681909267719
78.55205682607797
80.62479864634
77.7189923799955
77.88803702134352
78.26431402793297
81.78780478697557
81.37785794184758
77.27584384037898
80.91207658327542
80.0467598254864
82.5098819732666
78.84023094177246
83.62761570857121
81.41978454589844
77.48513511510995
82.48122413341815
78.74494970761813
84.8366602384127
82.21766948699951
78.22737781818097
78.59146426274226
79.03856776310847
80.69399133095375
91.4796799146212
87.04064948742206
78.82250202619113
78.24167845799373
76.32393206082858
90.61525227473332
76.86876274989201
84.77216223570016
79.0734709226168
80.2173161139855
77.09875855079063
81.29340707338773
77.6048211317796
80.59415729229266
78.90411479656512
