21.930238723754883
17.246234121776762
13.205918312072754
9.712818213871547
7.185961201077416
5.178525958742414
3.769445845058986
2.881459599449521
2.202896407672337
1.628883387361254
1.3792902188641685
1.0665848212582725
0.9372744900839669
1.0214906831582387
0.8470785710073653
0.8108240089246205
0.8130395973012561
0.6482325547507831
0.5676033326557705
0.7735754521120162
0.5754658764316922
0.5953724980354309
0.6042470932006836
0.48953533066170557
0.5155629089900425
0.7244490856925646
0.44936157301777885
0.4488381686664763
0.5507034411032995
0.4974821614367621
0.4832110717183068
0.4400834551169759
0.5233550038011301
0.455904769045966
0.8063475205784753
0.5093025288411549
0.32940436828704106
0.48578084224746343
0.3258504578400226
0.37704423548919813
0.5697181948593685
0.5008149963049662
0.3750779316538856
0.45035239521946224
0.3385450066555114
0.39001690986610593
0.510085488713923
0.56941601687244
0.49801360602889744
0.47634679256450563
0.3572451862550917
0.3526817977073647
0.4856616769518171
0.4500296992205438
0.3852117753454617
0.4211592624584834
0.3204320938814254
0.29759944372233893
0.261410121939012
0.394703440013386
0.533558668480033
0.3663695605383033
0.48814831390267327
0.4935463276647386
0.27839427973542896
0.43118613887400853
0.39132250623688813
0.446068950440912
0.33883432086024967
0.4121936314872333
0.4065569392627194
0.5297330575329917
0.3747029236207406
0.3915134496277287
0.3638739089171092
0.5776370041781947
0.39270596188448725
0.21150015968651997
0.3715185523033142
0.3939912024708021
0.4788908993914014
0.26470069658188594
0.4376254619232246
0.3873769039554255
0.3759902717456931
0.5205052360182717
0.4969825205348787
0.380341370900472
0.34281473606824875
0.33616610137479647
0.3726000454099405
0.3537664877339488
0.363609909656502
0.48876043621982845
0.41455483046315966
0.30941272828550564
0.3483885019308045
0.47671449929475784
0.4700533112599736
0.38132881231251214
