20.10427851904006
15.413678123837425
11.116121360233851
9.04513084320795
7.026348954155331
4.989559094111125
3.9438815060115995
3.7915606725783575
3.234032222202846
3.0839299304144725
2.797161897023519
2.844440851892744
2.551930586496989
2.4492993411563693
2.37050929239818
2.263676705814543
2.2942426658812023
2.1930052098773776
2.166669263726189
2.096499874478295
2.190789126214527
2.0827466817129228
2.213868731544131
2.150883671783266
1.9665309531348092
2.1064200089091347
1.8083783586819966
1.698123344353267
1.8878792084398723
1.71505206823349
1.7969049357232594
1.778854021004268
1.6709772263254439
1.9049344914300101
1.7388045986493428
1.7081328389190493
1.7072001638866605
1.4794740421431405
1.6797478397687275
1.5362242034503393
1.4217629730701447
1.5535909959248133
1.3387527323904491
1.2625471083890825
1.3804660453682853
1.237569701103937
1.4098509706202007
1.5573831001917522
1.6267352955681937
1.3634137028739566
1.2864730272974287
1.4960200048628307
1.5087342319034396
1.3778510036922635
1.3809125281515575
1.245375904298964
1.257475774912607
1.3361133138338726
1.2987250770841325
1.305671459152585
1.3365314262253898
1.4527552993524642
1.3283702745324089
1.3325802456764948
1.5921747883160908
1.4089192350705464
1.3275939850580125
1.476926673026312
1.2896859149138133
1.3205793783778237
1.2929635246594746
1.2016057088261558
1.5386793244452703
1.1606767220156533
1.4420210392702193
1.2593920933348792
1.4347979923089345
1.3427866597970326
1.2966754010745458
1.2282468704950242
1.22268688252994
1.718079993412608
1.3247177473136358
1.2783103329794747
1.567957723424548
1.3396270956311906
1.2462296762636729
1.3401332242148263
1.4974379624639238
1.2970060791288103
1.2907793465114774
1.4149397710959117
1.3672947727498554
1.0803572067192622
1.3169096325125014
1.4282846947511036
1.2211510368755885
1.455363345997674
1.3030417008059365
1.3188805296307518
