19.600533757890975
12.6725952511742
8.224728198278518
5.195507185799735
3.9258810593968345
3.1657562199093046
3.7294327928906394
3.9101066362290156
3.51785515603565
4.486011536348434
3.69144754750388
3.766185272307623
3.559708203588213
3.788596218540555
2.849769745554243
3.6265978869937716
3.463088029906863
3.5620874166488647
3.242329018456595
3.0950549784160795
3.162953155381339
2.9896880785624185
3.6264635920524597
2.971305625779288
2.8239544346219017
3.048094618888128
2.6970554987589517
3.1438549898919605
3.046527800105867
2.7711533591860817
3.00701957373392
3.109702433858599
3.2158609742210027
3.0454231670924594
2.8938955579485213
3.0844105808507827
2.9540554739180065
3.1370608097031
2.677064237140474
2.344018598397573
3.1060367198217484
3.3101501975740706
2.8414090389297124
2.6868094943818592
2.659565128031231
2.674250614075434
2.650493315287999
3.1547043437049505
2.758979803039914
2.3837219050952365
2.9868706408001127
2.3544676928293136
2.941111099152338
2.443868886856806
2.8262825182506015
2.6685407218478976
2.3695023372059776
2.5153582209632512
3.108105636778332
2.819399256081808
2.5217860028857277
2.6112398420061385
2.717499037583669
2.3889953238623485
2.5471342461449757
2.609005876949855
2.8124009583677565
2.5775771282968067
3.1479384899139404
2.482045985403515
2.5602790287562778
2.6511022476922896
2.9021835809662226
2.322279643444788
2.67384344907034
2.951855703478768
2.703109792300633
2.511504601864588
2.5652556277456737
2.8063645902134122
2.4654625072365715
2.5931850501469205
2.7186473721549627
2.1946019331614175
2.7131739287149337
2.6816978341057185
2.665705402692159
3.0884193125225248
2.459253367923555
2.4360227556455705
2.352179169654846
2.7193548792884465
2.4068909202303206
2.819051594961257
2.669264174643017
3.082226764588129
2.078732436611539
2.6992789677211215
2.695946999249004
2.7683499370302473
