19.44815612974621
11.249426864442372
6.350279984020052
4.268485739117577
4.133658619154067
3.6163747878301713
3.1924237239928472
3.8446778513136364
3.0601793499219987
2.929475954600743
3.4201409135546004
3.335826263541267
3.111249503635225
3.1464030118215653
3.4129159393764676
2.954482379413786
3.0869778380507515
3.2926501688503085
2.7381839638664607
2.6185884305409024
2.40839946269989
2.619120881670997
2.7999866548038663
2.581510793595087
2.6880040367444358
2.29840095837911
2.506578808739072
1.9504502444040208
2.541120092074076
2.651234743140993
2.936229089895884
2.5754571840876626
2.88901021083196
2.8309102285475958
2.449318156355903
2.5640935386930193
2.538511954602741
2.488280401343391
2.3073416579337347
2.339069136551448
2.5837351424353465
2.9681512997263955
2.296181846232641
2.9785989778382436
2.7027743316832042
2.5906809994152615
2.1626208566483998
2.0025043317249844
2.4082396512939814
2.6359965687706355
2.5583452667508806
2.672359415463039
2.8071724006107877
2.5689397624560764
2.3004153938520524
2.5028245080085028
2.4281985561052957
2.093408104919252
1.984422824212483
1.9990686944552831
2.0326412320137024
2.126468239795594
2.2568699433690025
2.386729972703116
2.3589175911176774
2.5666167452221824
2.4986165023985363
2.337693730990092
2.394236053739275
2.202997392132169
2.5021317033540633
2.5249977026666914
2.419080138206482
2.648664111182803
2.5592779460407438
1.91031718537921
2.1177026459148953
2.5779551437922885
2.745267357145037
2.5048539297921315
2.528501584416344
2.540238698323568
2.101715079375676
2.306072166987828
2.3262226468040827
2.420297702153524
2.0081574065344676
2.5079113046328225
2.389770445369539
2.7294643436159407
2.300614501748766
2.2754779770260765
2.3744520800454274
2.2819367732320512
1.9242430045491172
2.1292516929762706
2.2722390464373996
2.183099252837045
2.5287113927659535
2.0500092761857167
