18.79350335257394
12.086578596205939
6.967239345823016
4.542319013958886
3.48991292431241
4.164417238462539
3.277141576721555
3.6644741069702875
3.285564030919756
3.276260875520252
3.1783799898056757
3.2235788901646933
3.2501913592928933
3.5874554883866083
3.5741721334911527
3.27647028082893
3.7291234788440524
3.5818567474683127
3.297610975447155
3.2366914578846524
3.09478391352154
3.029358148574829
3.112992831638881
2.843151350816091
2.9157345976148332
3.028237530163356
2.9509705078034174
3.1958695479801724
3.380132025196439
2.927176614602407
3.310524338767642
2.869856630052839
2.834567217599778
2.724302902108147
2.8480496406555176
2.581890407062712
3.0158361991246543
2.884410682178679
2.961723018260229
3.0285841340110418
2.649993340174357
2.5367593453043984
2.9903852144877114
2.934498744351523
2.642483177639189
2.6728792985280356
2.489506261689322
2.481545280842554
2.614449659983317
2.6065071565764293
2.76717924504053
2.6426024394375935
2.658494770526886
2.683860954784212
2.5658466702415827
2.5744524143991017
2.5750542765571955
2.668186732700893
2.4685209648949757
2.441034544081915
2.98867700781141
3.1313549932979403
2.768726258050828
2.657272409825098
2.3196273133868264
2.961549690791539
2.645151518640064
3.0147412788300287
2.912174043201265
2.849828600883484
2.5434023482458934
2.740757005555289
2.5902556833766757
2.4502037933894565
2.3830002276670363
2.872458878017607
2.5854392051696777
2.399178541841961
2.7221466842151822
2.4468304259436473
2.1248246686799184
2.5083316138812473
2.714965366181873
3.3318860133488974
2.37783587262744
2.752153368223281
2.679018857933226
2.6921610009102594
2.8242333162398565
3.0409505509194874
2.434105024451301
2.2543270133790516
2.9164947810627164
2.715410204160781
2.628720232418605
2.6225534223374867
2.858221587680635
2.6632651544752575
2.799132290340605
2.8071612289973666
