192.66229424109827
184.56350341209998
187.48167419433594
179.50318967379056
171.6989357288067
170.6879269526555
174.61693690373346
164.4656832768367
156.66384784991925
134.5225688127371
105.96882247924805
89.24330285879282
63.73899922004113
60.72969994178185
43.97706486628606
35.082608681458694
30.416741884671726
21.42067971596351
26.112313270568848
27.968815913567177
37.02494063744178
23.626004915971023
23.250689799969013
19.701790938010582
17.0119938483605
15.891565726353573
15.316466661599966
12.532349017950205
20.56687538440411
13.784856411126944
18.3063534956712
14.832589919750507
17.97548217039842
18.036424013284538
12.473187171495878
15.86716026526231
7.995723632665781
13.631864419350258
12.281775162770199
6.583491362058199
13.2727672962042
13.054645134852482
12.188950043458204
14.01844884799077
11.092126516195444
8.516566120661222
10.11723909011254
10.483424480144794
7.687555734927837
10.415856471428505
7.366400168492244
7.003341142947857
9.7578196984071
6.1532622667459345
9.387625382496761
11.020483484634987
8.947991031866808
6.951698422431946
8.74299418926239
12.936931114930372
5.963218633945171
7.690569639205933
8.663353443145752
6.268412828445435
6.117434923465435
5.119971440388606
9.509597759980421
5.748167056303758
6.4941436510819655
10.484870213728685
8.769188642501831
7.911658736375662
6.908350632740901
13.6724248115833
9.222616910934448
5.990514461810772
5.153263568878174
6.453892212647658
9.338585560138409
6.5119371597583475
4.113522969759428
10.45707593514369
7.873839020729065
5.021764709399297
7.093043272311871
8.495243164209219
5.169631811288687
5.848965351398174
6.484340896973243
6.5764770691211405
7.390473686731779
6.678890347480774
8.650459683858431
8.425524051372822
10.946780369831966
5.975291582254263
7.378729921120864
18.412549018859863
6.750572809806237
3.717733309819148
