19.78405525570824
14.841554278419132
10.874921458108085
7.945212897800264
5.708991765975952
4.136911261649359
2.933032995178586
2.098991259222939
1.6522655430294217
1.3132526306878953
0.9238389943327222
0.8557274639606476
0.7649539918417022
0.541803627496674
0.5551546343735286
0.5838434305929002
0.523062452673912
0.69876296321551
0.5185708591625804
0.5823222075899442
0.4437039317119689
0.5007586894290788
0.5346062421089127
0.37997319975069593
0.6012882444830168
0.3829335779661224
0.4826552257651374
0.4546368739434651
0.5330083629205113
0.6034408782919248
0.31575904928502585
0.37426104201447397
0.5298506495143686
0.38481966370627996
0.3433072723093487
0.41160731940042405
0.3893727573255698
0.4595625680826959
0.41072953669797807
0.20394671247118995
0.568065865940991
0.36129191074342953
0.38297855698813993
0.4182055213799079
0.34498318816934315
0.4491004287486985
0.3184980168229058
0.36564612867576735
0.2917890160211495
0.2588723830523945
0.43242384635266806
0.2763541444603886
0.4489504091796421
0.4594369491650945
0.3039223787685235
0.33826151623257567
0.3391649943022501
0.5356023066810199
0.3649645845095317
0.26461634208403884
0.3492934425317106
0.44694759749940466
0.3763387846272616
0.37922662638482596
0.2897278056258247
0.23699031202566057
0.32951142142216366
0.26664791469063076
0.409384275298743
0.6219587915000462
0.40287784504748525
0.3892519610623519
0.34536337870217504
0.3193655315609205
0.4094393884851819
0.3939326316827819
0.4377454384451821
0.24012548050710134
0.3739549278148583
0.2848582115201723
0.16940974355453536
0.28212679576660904
0.2839745737257458
0.26375979965641383
0.2965299052496751
0.36009215315183
0.30306089527550195
0.2718481447192885
0.3252106465044476
0.2980276791467553
0.27063551048437756
0.38405800823654446
0.2288761633847441
0.38235324763116385
0.39807348383501884
0.47309914515131996
0.33588412475018276
0.45219320342654273
0.4082950974504153
0.4273592486445393
0.3045528903603554
0.3113573743473916
0.3405606150627136
0.23856284540323985
0.4664934813266709
0.2428058363674652
0.22561833156006678
0.4641172697856313
0.4678784782687823
0.3729261253916082
0.2580982173482577
0.2990131014514537
0.20790972720299447
0.34295247512913885
0.347997273540213
0.3187506427722318
0.23737985073100953
0.3620219861290285
0.43775919505528044
0.24701187746333225
0.3372938218748286
0.2822291710901828
0.30705296691684497
0.30492570091571125
0.34748091867991854
0.2532960401759261
0.4321417171685469
0.36271465321381885
0.3515162959340073
0.4695482775568962
0.6187958238380296
0.3316532644842352
0.3384649773083982
0.3865027067561944
0.27258903480001856
0.2978235635729063
0.23308196663856506
0.32077136414036866
0.366148835846356
0.3779287870441164
0.45321771768586977
0.34471294842660427
0.31233897698777063
0.3805293993403514
0.4154480319647562
0.46258627410445896
0.3839131844717832
0.27243005271468845
0.20991325626770654
0.5040271704395612
0.4583315462583587
0.3171019484954221
0.2509030554266203
0.28893014948282925
0.3693123997322151
0.26203805367861477
0.43726868785562967
0.3494629045682294
0.17837577206747873
0.21462936823566756
0.45396248286678675
0.42896379867479917
0.36526637169576825
0.39692316275267375
0.40888029372408274
0.4354389433172487
0.21601666252882706
0.3626606845784755
0.29000899231150035
0.35309756777825807
0.3717109031443085
0.28984049432689235
0.317785735641207
0.49662323686338605
0.2858591682854153
0.3305376736181123
0.3584680399369626
0.339139033641134
0.2926446046857607
0.4674349900867258
0.2771889947000004
0.3283663574783575
0.19336659212907156
0.22891934109585627
0.34047928275096984
0.2807523562085061
0.44265873002864065
0.27185096875542686
0.2879468874917144
0.29037530649276005
0.23404470848895254
0.3288231291586444
0.37852020206905546
0.366197675821327
0.3448144646272773
0.35631404169613407
0.27851673446240877
0.24389162544338477
0.42380688889395624
0.34642538286390756
0.4081930336320684
0.32669882316674503
0.2896469632784526
0.3684534446469375
0.26891706458159853
0.28201173636175336
0.26648844264092897
0.3544759337036383
0.45774694718420506
0.4658541970309757
0.32576772056165193
0.43271667705405326
0.3576697384317716
0.2901157027199155
0.2961144640686966
0.3197784762652147
0.2859084846540576
0.3433417019744714
0.4146942842219557
0.4817922477211271
0.4488124201473381
0.3294997666740701
0.2850941252850351
0.42520779300303685
0.1837400034779594
0.2763272974462736
0.2888723835349083
0.39645539241887273
0.27882711509508745
0.4023009595416841
0.28286165052226614
0.31480511881056283
0.44604237093811944
0.27479040604971705
0.2641204810213475
0.40863097175246194
0.378191798748005
0.3209594255756764
0.270509886067538
0.2419450275954746
0.28679519253117697
0.47599037931788535
0.29827327236887957
0.2768297709879421
0.38425239512608167
0.3232403585598582
0.2534510473765078
0.3636831751181966
0.36626607791653704
0.27400934971159413
0.2853432342055298
0.39797514996358324
0.4196320999236334
0.301282638417823
0.525243456874575
0.43042263406373205
0.35080236267475856
0.3630628105075586
0.4354160151311329
0.27264924276442754
0.5614228177638281
0.23339853648628509
0.32335541148980457
0.384381088472548
0.32296278309964
0.360808278655722
0.2869196564313911
0.2792185848312719
0.4047792066953012
0.2108118578436829
0.2555318277861391
0.3376911600076017
0.433689396828413
0.30318327709322884
0.2639572134330159
0.3387842107386816
0.328950289104666
0.3957017449928181
0.3049853453856139
0.3467915178764434
0.3360668367573193
0.3516131724630083
0.3853675446340016
0.2745959728601433
0.23660024823177428
0.29250527758683476
0.44804187881804647
0.5567797255657968
0.22625421111782393
0.28936488553881645
0.3880591268340747
0.38979230785653707
0.434373058733486
0.3397234170032399
0.42106938770129565
0.3694466260217485
0.3406992959124701
0.26865706220269203
0.3058776003973825
0.26626420118624256
