159.36644803560696
151.6344451904297
147.8961232992319
142.6191272002
136.69521023676947
137.24070923145
122.28056582120749
129.09991400058453
116.07450763995831
112.06716772226187
111.55799058767465
105.76540455451378
104.7953247657189
112.94980826744667
101.42305953686053
107.84575234926663
104.37763668940617
100.10848866976224
103.9559389261099
105.64840844961313
102.03104400634766
99.61351013183594
102.4972393329327
99.63297682542067
102.83565462552585
100.75797213040866
102.68871512779823
102.17925511873685
104.77636528015137
99.83560415414664
99.41763276320238
98.69260920011081
99.4698498065655
107.05233045724722
104.271604684683
101.06282630333534
154.49680695166956
153.62479840792142
139.63103925264798
122.80213977740361
121.1153136583475
118.17338197047894
117.55918574333191
118.19122830721048
115.77184677124023
109.9938793182373
114.5219103373014
106.63668881929837
109.75944548386794
112.07250272310696
104.93085743830754
102.73246556061964
108.11969199547401
106.15328267904428
106.91294681108914
101.71183079939622
101.89805324261005
101.62893038529616
113.85151386260986
104.52022713881273
101.20462857759915
100.82435406171359
101.50858460939847
104.59241250845102
100.62008146139291
104.8435453268198
102.01682442885179
105.4243846306434
104.80711394089919
105.88372883429894
111.31185392233041
108.45956391554613
105.45113798288199
101.39855891007643
102.49181483342097
103.37031789926382
102.30801597008339
105.01420417198769
100.31126477168156
106.5774759879479
103.1212525000939
103.6407344524677
101.24410482553336
103.47174365703876
105.40190366598276
101.32878670325645
102.94421592125526
102.04973793029785
100.43387302985558
104.69511516277606
101.25166621574989
99.946257517888
106.31896209716797
99.83823805588942
100.81336872394269
100.8391554905818
102.50064908541165
99.6828025671152
103.03992550189679
101.3510671028724
106.11153580592229
102.88848290076622
104.39128670325645
112.33102622398964
105.33653310629037
110.70640820723314
104.25675722268912
106.76083755493164
102.65359511742226
100.74616843003493
103.0966011927678
100.36052116980919
103.4093244259174
103.21054143172044
104.28695055154654
103.7225511257465
103.22817193544827
104.47574109297533
105.08764032217172
103.80640924893893
101.34059047698975
104.34579137655405
104.07715408618634
99.98911747565636
108.5614512516902
99.88862250401424
109.27376028207632
109.86200083219089
100.063567675077
102.30760809091421
104.72540297875038
104.49936852088341
100.03996166816124
104.15960458608774
105.37322249779335
100.76984768647414
103.55746342585637
100.51403823265663
107.87817969689003
99.5546407699585
102.99884590735802
99.92564758887657
103.3224825492272
103.08892176701472
101.35810969426082
104.45551402752216
100.03972801795372
101.15382590660683
100.92731769268329
101.68548055795523
105.70072878324069
109.6908408678495
100.94741791945238
99.7315940123338
110.10816067915697
103.86959574772762
101.04609848902776
100.23451577700101
109.11049087230975
100.019304055434
102.72809322063739
102.3055047255296
103.97085725344144
103.03398777888371
99.83326046283429
101.6308645101694
104.78495040306679
99.58691252194919
99.98428205343393
102.01394594632663
102.76396810091458
100.91913369985727
105.74645922734187
105.08654242295485
111.64332221104549
101.96345769442044
100.72161953265851
99.96384239196777
102.80622951801007
99.94273919325609
104.10808489872859
99.88184532752403
103.30539835416354
107.78506719149075
99.75404086479774
113.54478564629188
101.94102301964394
102.5580825805664
105.23982268113356
100.08942119891827
103.08396794245793
103.78743905287523
100.20055059286264
107.75432007129376
99.42314720153809
104.42569233820988
99.96281330402081
102.9957235776461
110.67651044405423
106.19619809664212
100.25796904930702
102.97550568213829
100.32819791940543
99.61031334216779
99.811340038593
101.90717146946834
100.95750617980957
102.69608937777005
100.94986358055702
101.26137293302097
100.27999144334059
99.5592009471013
101.52887087601881
103.61013427147499
100.30694917532114
102.78874793419472
99.87805916712834
104.63287676297702
104.9239513690655
99.73263021615836
100.70738396277794
99.71270928016075
99.84672421675462
99.95274749168983
105.43325607593243
99.63063797583946
100.06887080119206
105.07550092843863
103.23079710740309
104.2359492962177
107.06769180297852
101.02749178959773
99.77799283541165
99.61897952740009
99.7244589145367
100.84526883638821
102.65568373753474
105.38616503201999
100.91663815424992
104.29602711017316
99.52171127612775
104.2181964287391
101.08727051661565
99.93359030210055
99.98833414224478
99.79885086646446
99.82291338993953
101.96990130497859
101.65372327657846
103.29120313204251
106.00104390657864
101.58170435978816
99.97658568162184
104.32576509622427
104.85312880002536
101.99364970280574
101.54608330359825
103.71569545452411
102.15254270113431
101.83396559495192
102.4281080686129
101.67667829073392
106.05653440035306
102.9584296299861
101.8526339164147
102.62089479886569
107.49369863363412
100.77427291870117
99.85933494567871
105.133360349215
107.3780901982234
102.16983032226562
103.74224574749286
100.46588090749887
102.63182669419508
107.38773404634915
103.18794558598445
103.86161991266104
99.8071687404926
103.88773646721474
102.00119253305289
107.57806954017052
99.82308380420392
103.04224557142992
105.66034250992995
102.1861428480882
106.21026919438289
102.69013500213623
100.2890031521137
100.38252632434552
99.93563916133
104.86794625795804
103.45892260624812
102.7150689638578
103.01907436664288
103.10939025878906
99.80632444528433
103.41460829514723
99.96701915447528
99.99783765352689
102.41634383568397
100.0400376686683
100.04586615929237
102.04532887385442
101.01722379831168
101.58820827190692
105.25702828627367
108.56659463735727
101.10691481370192
102.44354526813214
102.03985082186185
101.01690292358398
99.88122265155499
100.91976217123178
104.47925743689903
110.62438994187575
105.26874556908241
99.76068856165959
101.9225821861854
99.89428820976845
102.87767219543457
105.33714793278621
102.32506832709679
103.67613124847412
105.22144948519193
105.16307676755466
102.74929002615121
99.39686973278339
100.506194628202
103.34117654653696
99.83493995666504
100.30449155660776
102.65704705164983
99.5076115314777
104.3642039665809
99.725373341487
102.30132953937238
99.8665164067195
108.630690574646
99.9835471373338
101.11490337665265
100.36483603257399
109.44994611006517
102.20668051793025
109.01693930992714
104.918333200308
106.08530748807468
99.90965645129864
100.31261554131142
100.8767588688777
100.35656312795786
99.90098645136906
99.70416538531964
100.29557653573843
107.1554763500507
101.99393998659573
100.48094720106859
102.0488833647508
102.66208604665903
99.54334735870361
99.7545962700477
99.87558548267072
103.67392701369066
104.83988967308632
103.06138111994817
107.92170774019681
102.69395916278546
101.15988878103403
114.31568710620587
99.44742202758789
101.60282663198618
103.67402839660645
100.97972737825833
105.49908432593712
101.11573512737567
102.52282260014461
105.71187129387489
100.39794437701886
101.39347369854266
99.70159809405988
103.09172336871808
101.53616068913387
102.31593850942758
100.91365894904503
107.91519143031194
103.58285140991211
101.36642661461464
102.79204691373386
101.88341874342699
99.87470942277174
100.57800307640663
99.91704500638522
99.79112045581525
104.5009392958421
101.03770659520076
105.52552560659555
99.68529451810397
105.97766524094801
104.46755643991324
99.72268706101637
105.03434063838078
99.99143651815561
99.66931394430307
100.15590623708871
109.729125389686
101.77540867145245
99.31627031473013
100.8114128112793
100.2060541006235
106.52716710017278
106.5039137326754
100.16699460836557
99.81052948878362
104.03862747779259
99.65457432086652
104.0509279691256
106.77510327559251
101.99072573735164
101.15321768247165
99.63205315516545
105.25086285517766
101.9255256652832
99.89397885249211
100.08562036661002
100.11636660649226
103.5766595693735
104.24961016728328
105.00308132171631
99.89696942842923
104.13731530996469
102.61570981832651
102.80159818209134
100.24637501056378
104.81439575782188
101.24791636833778
99.63138998471774
99.91026262136606
99.97812740619366
100.40273299584022
99.60453268197867
99.8464868252094
102.87170835641714
101.67302762545071
99.9223191187932
106.93505793351393
99.50918784508339
102.6130445920504
102.21155724158653
104.32465230501614
99.55910304876474
103.88658772982083
108.24425653310922
100.88945476825421
99.99753005688007
103.75791109525241
101.32045056269719
100.03692208803616
100.18521954463078
103.2813044327956
101.74870153573843
102.33153922741229
101.6994697864239
99.76109064542331
100.40129221402682
103.64936931316669
102.95000369732196
100.86399569878212
107.66896878756009
99.78128778017484
100.75628750140851
99.7257963327261
102.11485965435321
101.15042466383714
99.64488623692439
100.98238167395958
103.27912477346567
100.51911904261662
103.15073688213641
100.76198482513428
102.47125933720515
100.14024925231934
101.83842732356145
104.18282142052284
99.79289003518912
104.81440866910495
101.46239354060246
100.00360488891602
102.75327799870418
106.90396411602313
103.06984916100136
103.41992612985464
104.40516515878531
105.09841214693509
104.2276370708759
100.28140207437369
103.57386317619911
99.89775386223427
106.27869312579816
99.66229233374962
99.99920661632831
104.72290757986215
103.1404453424307
99.89410224327675
104.92492631765512
100.00353123591496
99.74303267552303
100.15842342376709
104.45272577725925
101.0327033996582
99.94531103280875
105.09169827974759
99.89037073575534
103.59630526029147
107.88322067260742
99.55353282048152
105.46644562941331
99.57630861722507
103.24193690373347
104.88218865027794
102.74165696364183
107.7213387122521
100.21550317911002
100.63601134373592
102.36169008108286
100.27194991478554
104.44002943772536
100.43468123215895
101.7858973283034
106.61836726848895
101.12743788499098
101.83419418334961
99.58438110351562
109.50353196951059
102.78490095872145
102.46518487196703
103.73859515556923
102.94770790980412
102.4357411311223
101.21940788855919
104.69885576688327
101.04726864741399
107.17716451791617
105.2924140049861
103.53204939915584
102.69363682086652
106.97535287416898
103.64171659029446
107.35054558974046
99.50218508793758
99.57851747366098
99.48898535508376
104.96209804828351
102.84408980149489
99.76515403160683
103.67538320101224
106.52407572819637
101.73007480914777
104.28788771996132
102.48940071692833
99.85905845348651
99.96727378551776
100.12918486961952
106.9096880692702
106.2099185356727
99.90645492993869
100.09098581167368
104.61392505352313
105.87499383779672
105.36756574190579
100.05386323195238
109.56437741793118
102.70907776172345
101.75663522573618
100.27875577486478
100.8517017364502
99.52006618793195
104.50703576894907
99.81665574587308
99.88094271146335
100.04767036437988
100.09244317274828
103.04544228773851
102.77742554591252
100.01591425675612
101.41153687697191
103.29482239943285
103.43762251046988
99.72173756819505
99.74642870976375
103.00986803494968
99.64110051668607
104.81682241879977
104.90866228250357
106.34588777101956
104.97506567148062
105.95778098473183
101.85772433647743
102.86765524057242
102.8189216026893
100.70803994398851
99.91301103738638
99.77168736091026
100.84708764002873
104.12428723848782
100.03417902726393
102.68179438664363
104.94473413320688
102.80967506995567
99.87217162205623
100.93036754314716
106.40936851501465
99.57273314549373
108.56343460083008
99.78011527428261
105.17583128122183
108.84218347989597
101.93005415109488
101.18816830561711
100.0253981076754
100.51560548635629
104.43865644014798
99.73765886746921
108.7901765383207
99.76240671597995
103.86576461791992
100.31845283508301
100.4030722104586
102.53743267059326
103.97253652719351
104.92920772845929
106.98333439460167
104.31016731262207
104.70976227980394
99.97544787480281
102.56131348243126
103.38430419334999
101.68821896039523
102.01616169856145
107.98738699692946
101.08092806889461
100.29141704852765
102.80433412698599
99.81743709857648
104.79905979449933
104.4867069537823
100.44622795398419
99.9496050614577
106.78847004817082
105.3510065812331
103.29627741300143
99.74386281233568
101.74793067345253
99.71203488569994
99.94722417684702
99.88220765040471
99.57468311603253
101.91863639538104
99.82957282433144
101.42772652552678
107.80221506265494
105.55134113018329
100.56307528569148
102.40076241126427
103.88786873450645
102.26133111807016
100.04559516906738
105.85923664386456
100.57282117696909
99.89057643596942
104.89482894310585
99.59262183996347
101.15728378295898
99.69809730236346
102.96110167870155
105.78270134559044
99.976121535668
108.05792735173152
101.43189613635724
103.05741779620831
109.04989286569449
106.3984449826754
101.74397879380446
101.4398232973539
105.73536579425519
106.10198534451999
104.16017092191257
105.44789670063899
102.6653723349938
104.76611650907077
107.3071644122784
99.6407748735868
104.31251723949725
105.84681290846605
101.4112592110267
101.90002859555759
101.04016215984637
100.88903955312875
100.7262207177969
106.32398165189304
101.7362553523137
101.10659291194035
105.5139085329496
103.8229114825909
103.08612728118896
103.26257588313176
102.76582732567421
99.86033799098088
105.56444476200984
106.78547697800856
106.6359382042518
102.95393067139845
107.11453195718619
102.32744084871732
100.4926205414992
99.71160338475154
107.95216457660382
104.1118290240948
101.05711188683144
107.32623114952675
99.64489261920636
101.01800977266751
99.64032129141
101.94156507345346
100.50849635784442
99.59973628704364
104.7612279011653
108.96065191122202
109.36977166395921
102.04089392148532
106.46649800814114
99.75005406599779
104.01108140211839
102.76646100557767
104.73548947847806
99.96681756239671
103.43844142326942
107.44149750929613
99.80402667705829
109.2230579669659
104.90973927424504
99.66083313868596
103.97561293381911
104.76453340970554
106.05676504281851
100.78994442866399
101.08996141873874
99.83116832146278
102.6103793657743
102.08766511770395
101.15815544128418
104.30699495168832
99.84033694634071
104.16936742342435
99.78871800349309
102.06088799696703
100.55220677302434
99.67956917102521
105.22700287745549
100.80673217773438
103.44053209744968
103.84402172382062
104.98916420569786
99.71160591565646
99.73802581200233
103.15867761465219
99.8519117648785
101.45207463777982
104.27728740985577
102.29294952979454
101.76534329927884
103.60405555138222
100.70280588590182
105.39614780132587
107.68735863612248
99.69400053757887
100.18038881742038
105.06822952857384
99.57515995319073
101.56818587963397
99.97376845433162
100.6037729703463
99.79662660452036
105.40146651634804
99.92297370617206
108.4011161510761
99.57262820463914
99.83618824298566
104.91380764887883
100.02604733980618
99.3698673248291
99.84324059119591
99.68900680541992
99.8947702554556
99.86873766092154
99.98403695913461
100.03635054368239
103.95768620417668
105.03951938335712
103.76437818087064
109.36514619680551
101.72664818396935
100.43222794165978
100.02508610945482
109.86985676105206
99.74374022850624
102.00749367934007
99.52344468923715
100.5888277200552
99.84025529714731
99.94167731358455
105.31128355172964
101.31409366314227
100.12727223909818
99.72893076676588
99.69096741309532
101.14481852604793
100.14701593839206
99.8748933351957
100.33830026479868
102.30931061964769
99.88007354736328
99.63812307211069
99.79803033975455
102.02933010688194
100.59335752633902
100.12812012892503
99.47023971264178
101.3691899226262
99.6116103392381
102.45508634127103
101.3735793187068
110.88707322340746
101.20941903040959
105.1634710752047
100.95351556631235
99.71147438196036
99.88846661494328
99.88629135718712
101.20170087080736
99.8901590200571
103.63347324958214
99.77881681002103
103.42864425365741
104.86255491696872
102.71073356041542
105.0873800424429
107.4552033497737
99.96507615309496
99.38087052565355
102.24938891484187
106.11885422926683
102.10613316756029
101.01241610600398
99.81447682013878
99.89603284689096
100.10948511270377
103.26743727463942
106.21558343447171
100.40780360882098
99.73487384502704
104.95341961200421
102.93806134737454
104.18832426804762
99.71172340099628
115.21579771775465
106.99350767869215
102.99642511514517
101.34614196190468
99.86527985792894
102.39589826877301
103.74305108877329
103.15190065824069
104.93928073002742
104.44254552401028
108.80525603661171
99.54131698608398
103.8659808085515
100.77509351877066
100.1922822365394
100.72927768413837
100.34679046043983
102.56106948852539
99.59626560944777
101.21894095494197
99.69159471071683
100.61619890653171
104.24807042341966
101.9520940047044
106.1397951566256
107.83245673546425
102.69656401414137
101.64468207726112
100.12329879173866
106.54813062227689
104.98363186762883
99.86892707531268
101.55681463388296
99.62031481816219
108.97921026670016
103.20517407930814
