169.7755681184622
166.92435877139752
164.78649939023532
165.856160567357
164.22650880996997
187.9241454784687
159.60193509321945
160.38176818994376
158.00632546498224
152.63799366584192
159.49718600053055
158.32684340843787
156.0301468188946
156.85322904586792
219.40984219771164
154.01309057382437
152.8968292749845
153.93575657331027
166.88590988746057
150.18941263052133
161.33521743921133
153.3918242087731
149.7643755399264
150.81964335074792
180.4430647629958
150.03942834413968
145.9434924859267
178.81198976590082
144.73086628547082
145.71560786320612
145.92265110749466
146.1172659947322
144.26589137774246
136.8794962993035
145.55191269287695
138.7188116953923
200.51229961101825
141.84213062433096
141.38709704692548
140.30502576094406
140.75172429818375
142.5735009633578
138.62962766794058
129.86246827932504
137.5111907995664
137.33078267024115
133.8642666706672
136.20217748788687
133.49266662964453
137.8420741741474
157.54408447559064
133.65183120507461
138.879580112604
159.79791986025296
134.41583215273343
167.891910809737
132.91874936910776
138.23882484436035
130.30431346709912
135.79188442230225
135.06577827380255
133.42693011577313
137.3402395065014
134.46327093931345
131.49037487690265
134.58327610676105
130.71308900759772
134.532824076139
133.79986587166786
135.19361569331244
135.83654385346634
138.91358241668115
130.9405064032628
134.35654581510104
205.93777513504028
128.9271338719588
128.3389578965994
131.81201846782977
137.1988283120669
136.6083935224093
135.42129637644842
196.20894329364484
136.1646980872521
135.58456420898438
131.89660841685074
151.80212648098285
137.9642984316899
143.73246768804697
134.99752437151395
135.24276504149805
138.270379616664
136.7038998053624
130.595806488624
139.84415534826425
130.96735913936908
128.4921951660743
135.43161016244156
137.43898512766913
180.27297122661884
142.26791147085336
125.9028629889855
128.5424360862145
134.48103460898767
130.95388100697443
188.22025970312265
133.27368084283975
136.4741173524123
134.10135665306677
129.49887577387003
136.5425002208123
129.88370854120987
135.0354733283703
201.81273352182828
131.74508487261258
135.8288344695018
132.13467621803284
139.09813965283908
132.8609353533158
132.70008345979912
137.486145899846
197.49904854481036
136.47880970514737
147.67637460048383
133.65224977640005
131.19757769658014
132.15736250693982
133.65094443467947
130.92982147290155
134.35212863408603
134.18464402052072
177.87288625423724
134.0064379802117
133.82526263823877
131.8278940824362
135.5302746479328
137.5788130209996
131.73817419088803
136.38417782233313
131.24648745243366
137.398258796105
132.58511726672833
138.9216679242941
132.53996249345633
132.05356555718643
130.14915779920725
136.4996542288707
134.87679452162521
131.5620838862199
134.18119995410626
130.66269162984995
