21.21829655056908
16.318938732147217
10.991788727896553
7.083779777799334
4.656463855788822
3.4188864628473916
2.3822039252235774
1.7993640218462263
1.1900038719177246
0.801587952034814
0.9663853162810916
0.6160821943056016
0.5303886786458039
0.6199524196840468
0.5254096147559938
0.5954017475956962
0.44336917251348495
0.5934126742538952
0.28880252103720394
0.36577657894009635
0.5319932667272431
0.47378104215576533
0.35698257723734494
0.29515705568095046
0.3446564436668441
0.3601611464151314
0.34894195003878503
0.3402712969552903
0.40768033514420193
0.3087708254655202
0.2557921185202542
0.3215071119013287
0.15230089142209008
0.47184696944341775
0.2389990290006002
0.3589394486376217
0.43177432584620656
0.23946416759420008
0.3381433046999432
0.2098986767232418
0.24698522296689807
0.3676728911343075
0.4497618256580262
0.33456243814102243
0.2513322207544531
0.24275638038913408
0.31821833213879946
0.4307377203589394
0.3845059967466763
0.2012767836096741
0.24318196429383188
0.38650875928856077
0.32075659021557795
0.31561272138995783
0.2880595495835656
0.3309142402417603
0.2918337831894557
0.33175224207696463
0.21778862621812595
0.4546472749539784
0.31480244884178754
0.29797755651885555
0.2721416045512472
0.30513489184280235
0.2623847739859706
0.29921315299967927
0.2831999638250896
0.22025400071981407
0.23571212713917097
0.1593888902238437
0.32290930540433954
0.31934663617894765
0.18470559610674778
0.2310751797187896
0.22600807950255417
0.30138569538082394
0.17310513059298197
0.29788395744704066
0.24211917170101688
0.33311431109905243
0.2787984057906128
0.24404688445585115
0.3747918235936335
0.337702003972871
0.24770623507599035
0.41615056477132295
0.2926097579211706
0.3074050197998683
0.32924800579036984
0.40923423550668214
0.22573966302332424
0.19202819191628978
0.22412198702139513
0.17958554235242663
0.16785767532530285
0.4342258173440184
0.3439162264444998
0.2899639480525539
0.34030371629411266
0.22132665153947614
0.20852988843052161
0.1795342199149586
0.3212737512020838
0.25952612661889624
0.34180151254293467
0.448371878692082
0.29517223898853573
0.20187719432371004
0.21624200179108552
0.36990650330803226
0.20679875392289387
0.3156088169309355
0.2551297866517589
0.4097012598067522
0.27328755156624884
0.21376112631211677
0.328138745789017
0.32695402009856134
0.28920334812608506
0.2723785919979924
0.43504358357971623
0.45129390832568916
0.20254550590401604
0.41488909916508765
0.2535218195546241
0.5427325399858611
0.2535639926791191
0.2550785829800935
0.21406997083908036
0.3222528966587214
0.45379071753649486
0.488508644203345
0.3471208174846002
0.2676170722891887
0.38260619395545553
0.2881126951958452
0.2546251013520218
0.47664663328656126
0.24499496108009702
0.3201480619609356
0.460635344276116
0.31791250389956294
0.24251864939218476
0.2526185036237751
0.27649740617544877
0.18490796039501825
0.4362706101189057
0.4618391144488539
0.4162428544479467
0.32216868292362916
0.30793296119996477
0.3232862651348114
0.21628054266884214
0.27296664308579194
0.32723631816250937
0.40522517467893304
0.2494142616078967
0.2802688114877258
0.34837449093659717
0.31639216662872405
0.27942518557288815
0.25259176082909107
0.33212816520106225
0.2870307303078118
0.3526394716685727
0.20616869406685942
0.19803353674000218
0.13110480262410074
0.2954789985503469
0.179970141588932
0.26716428418599425
0.41395840651932214
0.2568000650831631
0.1627849242871716
0.29106567995179267
0.3965701765957333
0.1976047753400746
0.20256356717575164
0.20187089911528996
0.19783241993614606
0.2255616413340682
0.2634285966910067
0.2518347245419309
0.37529052676455604
0.2217881842738106
0.33596811904793694
0.4558646237211568
0.24677356226103647
0.31773855359781356
0.1894665892635073
0.26993367279924096
0.2524121225412403
0.2683193032585439
0.2164010325712817
0.29059463313647677
0.261158650031402
0.24988734039167562
0.2892039632868199
0.21563858702956212
0.36291024887136053
0.19367543483773866
0.3547513166531211
0.27164098815548987
0.2412373498082161
0.29364441326331525
0.32186654006086646
0.19869115310055868
0.23656334638196444
0.23263720538289773
0.3102693244637478
0.24209672070684887
0.25992015926610856
0.22589282888830417
0.29824013192029225
0.28307811224034857
0.3126067653120983
0.34972422383725643
0.19568036922386714
0.31582833516101044
0.20351544004820643
0.20059898415846483
0.31646268548710005
0.3845379643497013
0.2044734675437212
0.2359869373696191
0.3429002201273328
0.2398934236594609
0.19332377630330266
0.37923748405384167
0.19985036591866187
0.20385092390435083
0.22352410569077447
0.3096883919622217
0.27806552659188
0.3994407851603769
0.23098384526868662
0.29956316610886935
0.2814682150880496
0.24716283097153618
0.15530538975837685
0.36109443558823495
0.3252965665998913
0.2988436913472556
0.31788586434863864
0.2439847035067422
0.29778192201185794
0.23607728665783292
0.3358831497884932
0.250080371009452
0.4998514178608145
0.25254192850774243
0.2949849802645899
0.2659185830326307
0.3212159217911817
0.22914082796445914
0.25249606122573215
0.2040464486926794
0.25053841345721767
0.25687972145775956
0.3701979514388811
0.2571669037764271
0.18665864566961923
0.2943394828055586
0.223711742620383
0.36506492201061475
0.31778059686933247
0.29618977063468527
0.3172313151437612
0.2033287591877438
0.24943328010184423
0.2619246549549557
0.2156235659938483
0.24657534240257173
0.34820394217967987
0.20673117422986598
0.3902103329698245
0.22723002660842168
0.41197585017376004
0.250210289621637
0.3526864792442038
0.3056295640057042
0.3268972280479613
0.2477180767981779
0.540738100097293
0.4350934975026619
0.3095978714437002
0.1822568138263055
0.2183069677225181
0.4395203253342992
0.2911142247640306
0.29777362206507296
0.36225785456952597
0.32899242728239014
0.34006000381140483
0.23299962663579554
0.34615143069199156
0.31339153824817567
0.2887758097300927
0.26264591337669463
0.23985291343359721
