61.168500033291906
42.1791544827548
21.712607383728027
18.035177664323285
12.381807847456498
12.545543670654297
11.028304988687688
13.117193872278387
11.131486372514205
9.807199044661088
6.70621278069236
6.368206587704745
5.3233113288879395
5.323591297323054
5.391779292713512
5.368768431923606
3.765967759219083
4.562726606022228
5.14704459363764
4.562842824242332
4.481638214804909
5.022437745874578
4.47151809388941
4.563055601986972
3.6464724215594204
3.2179349660873413
2.9622024297714233
3.4090249755165796
3.727595947005532
3.1426734815944326
4.012243661013517
3.7982641891999678
3.144968021999706
3.117836822162975
3.1049954782832754
3.2423467202620073
3.107362086122686
3.6461077386682685
3.2529633966359226
2.6242578246376733
2.945477258075367
2.979313947937705
2.795109185305509
2.3032503453168003
2.6988807049664585
2.569402477957986
2.572771896015514
2.7196462154388428
2.846540716561404
2.435406370596452
3.1587147170847114
2.930404847318476
2.717205459421331
2.6451037363572554
2.5518762469291687
2.7190620465712114
3.281330769712275
2.5537365674972534
2.601136727766557
2.4739763086492363
3.1650395718487827
2.67997606234117
2.1804303147576074
2.0385279113596138
2.410447348247875
2.921215068210255
2.625157757238908
2.288551460612904
2.3151462294838647
2.199258945204995
3.0155337940562856
2.644398819316517
3.323945500633933
2.9128637964075264
2.589050217108293
2.4275826540860264
1.978506933559071
2.8720626018264075
2.5667313770814375
2.872680414806713
3.0661112395199863
2.310101411559365
1.9525365179235286
2.3811085440895776
2.3788876750252466
2.2579649036580864
2.328331091187217
2.954487540505149
2.863203027031638
2.6159651171077383
2.3119869340549815
2.345484820279208
2.5849850827997383
2.3707790862430227
3.1230128570036455
2.6976951469074595
2.5205498825420034
3.074528683315624
3.5038719177246094
2.685672543265603
2.052263530817899
2.6296604329889472
2.7361631501804697
2.3650542822751133
2.397743582725525
2.3210210475054653
2.8459393815560774
2.333464676683599
2.8712599169124258
2.714491855014454
2.4973326813090932
2.430280717936429
2.1552006602287292
2.3762872219085693
2.324062331156297
2.5337207967584785
2.4380524537780066
2.267072385007685
2.220883076841181
2.4437497637488623
2.601583870974454
2.229287613521923
2.3470074263485996
2.4909935756163164
2.6667764511975376
2.862081701105291
2.2538845213976773
2.4817171421918003
2.318102327260104
2.4464692852713843
2.1928121230819007
2.409255862236023
2.665788412094116
2.9061625003814697
2.610320893200961
2.620810963890769
2.5383092164993286
2.408159689469771
1.9365144534544512
3.497498295523904
2.0359933376312256
2.431797677820379
2.244682875546542
2.631801204247908
2.4143715555017646
2.4428464770317078
2.462997642430392
3.1388813907449897
2.2409650737589057
2.640519152988087
2.383684916929765
2.666111176664179
2.380174398422241
2.2699479921297594
3.166697068647905
2.6075308322906494
2.361766891046004
1.997718095779419
2.226304769515991
2.8326974456960503
2.4264467521147295
2.715089592066678
2.4928088079799307
2.1129259954799307
2.146889393979853
2.67740057815205
2.487816431305625
2.537992553277449
2.940729336305098
2.9580475200306284
2.2488092292438853
2.4422988349741157
2.726046843962236
2.303147413513877
1.99365111914548
2.1466816013509575
2.60913284258409
2.566904165528037
3.116674390706149
2.496367487040433
2.1843078353188257
2.220726424997503
2.7505416219884697
2.880474394018
2.7359929409894077
2.8185255094008013
2.7854140888560903
2.5097210082140835
2.5308933583172886
2.365724942900918
2.4988503672859887
2.0895884145389902
2.701182083650069
2.2292780117555098
2.584973031824285
2.8235732425342905
2.5644076737490566
2.720990213480863
2.7316369902003896
2.6176520477641714
2.1818129366094414
2.945303277535872
2.30542068047957
2.4747444174506446
2.2837178382006558
2.5186426747928965
3.0588124123486606
2.437943285161799
2.4155377474698154
2.6416043043136597
1.9748608740893276
2.558858210390264
3.1451192010532725
3.156274437904358
2.8868531530553643
2.6901539726690813
2.842045296322216
2.26562482660467
3.1513127088546753
2.625100547617132
2.949371435425498
2.5792970874092798
2.8762718655846338
2.861913962797685
2.313337564468384
2.440211160616441
3.1618492061441597
1.9711178866299717
2.3498025807467373
2.284534378485246
3.0920434214852075
2.2079941684549507
2.258946819738908
3.027862375432795
2.143642869862643
2.6776327761736782
2.3103220571171152
2.8589613004164263
2.5286094058643687
2.3364652286876333
2.410614923997359
2.6195917454632847
2.034009023146196
2.9160150072791358
2.3367197513580322
2.6163678656924856
1.877160825512626
2.0963161533529107
2.510228536345742
2.7500622922723945
2.1574153900146484
2.151200684634122
2.5307452895424585
2.196060348640789
2.6904361573132602
2.386589223688299
2.544395912777294
2.611929785121571
2.4192946173928003
2.407333103093234
2.4516297578811646
2.4156296849250793
2.7691891518506138
2.6839836835861206
2.443083264610984
2.38895752213218
2.7827416441657324
2.7045799927278
2.1685860698873345
2.1142337755723433
2.6564352295615454
2.6009451801126655
2.3482621041211216
2.3260941071943804
2.373356055129658
2.559923865578391
2.171473302624442
2.60147348317233
2.9760708537968723
2.967997507615523
2.6873664530840786
2.367082855918191
2.5593684153123335
2.399606401270086
3.0556671511043203
2.5051538077267734
2.4836181185462256
2.7222484350204468
2.661109209060669
3.4036388288844717
2.79414223540913
3.0291882428255947
2.765011278065768
2.807756927880374
2.1484876329248603
3.085384238849987
2.503966900435361
2.2522388479926367
2.370946233922785
2.4362382238561455
