169.42640964801495
164.0155802506667
160.27204000032864
153.46113520402176
153.80496729337253
148.9525828728309
139.25694726063654
136.7549879000737
126.66141172555777
127.23633228815518
127.40709574405963
113.82926618135892
107.87158665290245
107.01118238155658
102.7812054340656
101.73110741835374
105.4868530860314
103.41407247690054
101.22569392277644
101.57378094012921
102.79829370058499
99.42032681978665
103.48600534292368
103.23118385901817
99.45714906545786
101.85053135798528
99.49685698289137
104.4357399573693
99.47407135596642
104.74268223689153
99.13898673424355
99.65713574336125
98.90052362588736
101.77370408865121
102.47647329477164
102.42184272179237
111.52216075016902
99.90831389793983
100.86266268216647
107.55058787419246
100.06827325087328
99.13307314652663
100.07602955744817
98.91155683077298
102.22566428551308
105.95015892615685
103.42443495530348
98.92732070042537
110.045685841487
102.47202829214243
99.94048793499286
105.5982981461745
99.21887925954965
98.93515381446251
99.00865276043231
103.39035723759578
99.65504308847281
102.06780418982872
107.41776811159573
99.25171808096079
105.70172632657565
102.71792969336876
109.64225725027231
104.11362046461839
101.61395028921274
104.16436591515175
101.36439572847806
102.09374391115628
100.12892708411583
98.5761586702787
102.80182119516226
103.42548106266902
99.1059089073768
100.91298440786508
98.14373771960919
99.44874029893141
97.64387497535118
99.3203675196721
102.58458709716797
97.14531480349027
101.39940643310547
103.5968826000507
96.68677007235013
100.6266545515794
97.90000812823956
95.4103211256174
95.59820710695706
98.90625264094426
100.65154104966383
99.11198608691876
95.77805049602802
97.28447752732497
94.93544827974759
104.7331454203679
95.655760544997
101.5245246887207
101.0040752704327
99.30375605363112
100.57442518380972
98.58473528348483
95.13266049898587
99.3966930095966
95.32257439539983
98.96034732231728
97.06355813833383
100.96081242194542
98.35334821847769
95.67958340278038
96.64764851790208
95.48919164217435
93.314148242657
96.50906819563646
97.18574054424579
98.45300131577712
93.13075102292575
97.89763465294472
98.00143623352051
93.64488117511456
94.03424618794368
93.58872208228478
91.80395295069768
93.56427764892578
97.12074543879582
93.50478509756235
88.19302896352914
89.03744257413425
91.57056397658128
91.83052451793964
92.73803241436298
91.01226902008057
95.41201587823721
89.93190868084247
90.00699226672833
86.99587372633127
93.16362938514122
83.47934363438533
84.21359773782584
84.47930787159846
83.20071524840135
83.08209639329176
85.93576394594632
82.98868989944458
87.802077293396
89.27561345467201
82.46722782575168
82.3333906026987
85.96966748971205
82.3462558893057
82.77883045489972
85.92998739389273
82.31208947988657
79.79087708546565
80.94229059952956
80.9643978705773
81.1950133397029
83.6721749489124
81.34711192204402
87.52835662548358
80.90882741487943
82.57673689035269
80.64153289794922
85.28166140042819
87.36721207545354
83.82954003260686
80.56013382398166
86.09859745319073
81.17887181502122
79.05629211205702
80.27395864633414
79.70963642688898
82.20264020332924
81.85632254527165
82.2486944932204
85.0031219629141
80.81315025916466
83.60934323530931
88.87454333672157
81.12703044597919
82.2340953533466
80.85792871621939
82.17230158585768
82.94877022963304
82.57583119319035
84.1952156653771
82.33857462956355
81.32846989998451
83.7609374339764
79.27735112263606
79.64231138962965
80.2043754871075
82.9875519825862
81.84486491863544
84.02707253969632
84.77813698695256
85.6582502585191
84.85987670604999
82.30182438630324
86.99820577181302
83.96643198453464
80.79882863851694
85.53619590172401
90.31532089526837
81.35144094320444
83.96307035592886
88.53123239370493
81.48660513070914
79.79676389694214
81.936506491441
80.97465460117047
79.37080779442421
82.86358136397142
85.47262382507324
86.6252656349769
79.41654418064998
81.76055115919847
86.04211051647479
85.65333890914917
83.7725163423098
79.01082310309776
83.53552236923805
83.82582726845375
88.38421220045824
80.8281837610098
83.40274471503038
79.67453681505643
86.05130122258113
86.48628484285794
82.5384746331435
81.03363653329703
80.8530803827139
79.19400902894827
82.00363203195425
81.89214145220242
79.90360597463754
84.61212341602032
78.91762834328871
86.75190015939566
79.62753090491661
79.58957459376408
82.96580505371094
79.08889559599069
82.5834416609544
79.39699976260846
79.77913834498479
81.353556229518
79.87310534257155
86.63335301325871
79.5321084536039
78.97182882749118
79.2626448227809
79.36546255992009
83.88030052185059
79.38841383273785
79.5580135858976
80.27416526354276
80.99526735452505
88.01431050667397
81.76319114978497
80.57971844306358
79.52859064248892
82.88381385803223
82.8482989531297
81.53675798269418
82.85845505274258
79.82981531436627
79.92143418238713
80.31447417919452
81.75320786696214
81.98364360515887
79.90142257396991
81.80980550325833
79.6717087672307
83.74240889916054
79.88277112520657
82.53174370985765
81.88791832557091
83.9819318331205
80.5447854262132
82.86156991811899
79.70297861099243
84.22783572857196
79.50127715330858
82.22685953286978
86.86015393183781
84.27693161597618
85.62700997866116
86.37574522311871
81.04751066061166
83.53446788054246
81.16941481370192
83.88155042208157
80.94322850153996
83.19458726736215
83.97250865055965
82.49815126565787
86.09799186999982
79.62684851426344
85.24418354034424
80.91147686884953
81.0583547445444
