18.3783317045732
6.278073007410223
1.5293136618354104
0.7992444038391113
0.7979881465435028
0.4861535118384795
0.3145582120526921
0.33718462559309875
0.19810014489022168
0.2276787707074122
0.11323192343115807
0.11446116458285939
0.1312332461503419
0.11366184496066788
0.09105186960236593
0.06664232130755078
0.10919518396258354
0.07328358326445926
0.12385824458165602
0.0855554487048225
0.06629964963278988
0.07089927487752655
0.08658518591387705
0.06021363372829827
0.050586289980194786
0.06020024452697147
0.07130791043693369
0.06954914416101846
0.05409913273020224
0.03696838122877208
0.039991095662117004
0.04044977355409752
0.05142964067106897
0.051006927408955315
0.037986295467073265
0.03988657324490222
0.03843198665841059
0.05195898020809347
0.04255543958226388
0.037871686995706776
0.06002814238044349
0.037154939618300305
0.05779421685094183
0.04092860992320559
0.031182880513370037
0.03134664994749156
0.032723494043404404
0.03484372328966856
0.056603322313590484
0.03337850311601704
0.03832763281058182
0.03979184029793197
0.05159260705113411
0.04929395324804566
0.08493930219926617
0.04113133878193118
0.028968474404378372
0.023851142180236904
0.03738147028806535
0.035940669730983
0.03444108320400119
0.03441460938616232
0.05421559030020779
0.027413054835051298
0.06178421713411808
0.02313315792178566
0.03016789291392673
0.06284726986830885
0.07055372507734732
0.029386507770554585
0.03297406756742434
0.035727455873381005
0.0316699416461316
0.03973575342785229
0.029772760685194622
0.021450235169719566
0.04987014974044128
0.048695595426992935
0.03437705778262832
0.023622815835882317
0.033858297816054386
0.03136237067255107
0.02604907768016512
0.04000828042626381
0.03895918982611461
0.026886690069328655
0.05444828928871588
0.028869961642406204
0.0401145721023733
0.033216432837600056
0.030656694307584654
0.023603713732551445
0.06470548801801422
0.043991647914729336
0.028043058108199726
0.0248940224674615
0.02144278755242174
0.0330430324697359
0.023147579621184956
0.03652433881705457
0.03294325526803732
0.05168194560842081
0.035451232117008076
0.0358152740042318
0.01760387217456644
0.05242971940474077
0.026757218112999744
0.01993469682268121
0.03220682261003689
0.03490172064101154
0.03468782166865739
0.03676251779225739
0.03687229972671379
0.04794669100506739
0.041696833658286116
0.05673928000032902
0.03437645691023632
0.07127844118936495
0.0426038247956471
0.024151842744851656
0.03027376075359908
0.03456068627366966
0.02198316046798771
0.03035592943937941
0.03151703837581656
0.042508501136167484
0.038602947342124855
0.031074356457049198
0.019813409413803707
0.03400734371759675
0.02952427433973009
0.03477864369580692
0.03549026731740345
0.03987489488314499
0.03132529218088497
0.027583021585914223
0.043348844247785484
0.03651846149428324
0.022627599791369656
0.021948746659538963
0.02815543089739301
0.027408930981023746
0.028122775002636692
0.027075722728940575
0.041079209270802414
0.03790259666063569
0.02860675946894017
0.039034282957965676
0.02416075910018249
0.04378774245692925
0.03076079741797664
0.02803822522136298
0.04114989936351776
0.028983643278479576
0.040511209348385986
0.0393977045843547
0.025599425573917953
0.027474204755642197
0.0398668772964315
0.024497947401621124
0.04950016804716804
0.023127975365654987
0.026263656729662962
0.03733871843327175
0.029039968313141304
0.022393942344933748
0.031132460783489725
0.04087232959202745
0.03853776145049117
0.04361356879499825
0.03465204872190952
0.051329790699211036
0.056027255952358246
0.028826504437760872
0.030682487328621475
0.03796949267218059
0.05763696227222681
0.027675174769352783
0.03361968348988078
0.036368829367513004
0.049620444209060886
0.03545868735421787
0.04384557276286862
0.026055315043777227
0.030727570537816395
0.03506518316201188
0.037545608610592106
0.03652901591902429
0.03889735965904864
0.03257687339051203
0.030383966693823986
0.03543559749695388
0.12126796701076356
0.04319249398329041
0.026166776279834183
0.026605247096581894
0.03673048859292811
0.037843544628809796
0.04979047145355831
0.026424074291505596
0.03826566277579828
0.028726512058214707
0.03716597765345465
0.03152369140562686
0.01930934419347481
0.0364870633083311
0.04100892794403163
0.030675542625513943
0.035262104039165104
0.03006307856941765
0.02026154879819263
0.035832173910669306
0.027931488542394203
0.05038140074942599
0.11296052113175392
0.02310181400653991
0.02764221162281253
0.03879980031739582
0.035353129475631496
0.030876270834017883
0.030808770182457836
0.021419971927323124
0.029149293052879246
0.032406972805884754
0.029075927185741337
0.043931611559607765
0.04187563840638508
0.03239305088804527
0.033460596576333046
0.04025980288332159
0.030029039829969406
0.028557157651944595
0.030603279020975937
0.03062976837496866
0.04273675534535538
0.024241299580105326
0.038389852778478104
0.030257453041320496
0.049481928517872635
0.03347669296305288
0.03550101664255966
0.029799687168137592
0.041809552518481556
0.028135583651336758
0.03203062272884629
0.06294960071417419
0.03197772318327969
0.0331374527039853
0.022993470118804413
0.048670687289400535
0.04033413368531249
0.03399629713120786
0.032457891005006706
0.09603785638782111
0.05029872830279849
0.04112898770042441
0.023280115036124534
0.043942422860048035
0.05230587932535193
0.034400655634023926
0.03406227532435547
0.04567778275602243
0.0375456977635622
0.037586459636010906
0.026534475894136864
0.02730333466421474
0.1281515019522472
0.027626283805478703
0.03640353980220177
0.02926116775382649
0.029110472310673107
0.029796596785837955
0.037705888633023606
0.023825514553622765
0.026448012922297825
0.030928611755371094
0.025980170138857582
0.03161911480128765
0.030807714062658222
0.026182366789064625
0.07384864156219093
0.03185080068016594
0.028895197436213493
0.022383609998293898
0.019452331418340855
0.027571774934503166
0.02943782948634841
0.05310744580558755
0.030948129905895752
0.04008497170765291
0.027381110343743454
0.019156351854855366
0.031289113516157326
0.04188084780153903
0.04773475085808472
0.04536753088574518
0.033142358741977
0.027293621308424255
0.02358589025044983
0.026682688007977875
