169.26122131714453
167.86801484914926
166.65787267684937
184.33309224935678
162.98367991814246
162.45323947759775
159.73944827226492
158.74807772269617
156.58102930509128
157.330310014578
153.4050770860452
151.98719824277438
150.77295352862433
151.6522477223323
149.37348281420194
158.98593818224393
147.98491543989914
149.06776019243094
169.91039971204904
144.29055617405817
144.39984284914456
141.78946590423584
144.54549422630896
142.1399229856638
143.25119753984305
141.30428257355322
142.03144056980426
186.17116027611954
139.83432344289926
142.17411877558783
147.61928760088406
142.25769932453449
141.1315938673842
138.6822560292024
142.8280905210055
141.2522286268381
139.59573311072128
141.6473054610766
140.2372590945317
136.6033748113192
138.30045766096848
139.06445850890415
137.81986317267786
136.09708980413583
138.37279182214004
142.73348826628464
138.3588600892287
136.84397061054523
138.63238706955542
138.32018759617438
137.11348031117365
138.0320751300225
135.5488929565136
140.73350784411798
135.87082686561806
143.55597699605502
137.20488885732797
137.30464833516342
136.05173862897433
166.76748103361862
136.24865352190457
134.690015068421
137.52934268804697
137.8723056774873
136.31331919697828
138.71182804841263
138.02047154536615
202.0864235804631
139.41413445656116
136.09621785237238
138.03105610150558
138.24693652299734
137.1126761528162
199.35372794591464
187.0238504226391
137.9640440574059
138.6484030026656
135.79029277654794
133.50532909998526
134.60474230692938
166.45330618895017
136.7139174388005
137.05435054118817
137.10221765591547
138.223989706773
138.20999338993659
134.3569252857795
134.92367542010638
197.57828958217914
136.8743184346419
135.65774022615872
137.7990949520698
137.3289508636181
136.96990443651492
162.92540187102097
134.26958397718576
163.87104315024155
135.78139830552615
140.59420596636258
138.5132194665762
