183.85369917062613
171.4613652596107
171.41208091148962
171.27083917764517
171.4185426418598
184.03007034155038
170.68625772916354
170.46192385600165
181.96234512329102
169.7866067152757
225.89466883586005
168.0809533045842
167.26948385972244
165.40887249433078
165.46065425872803
163.9738382926354
163.60393362778885
162.16006223972028
162.50773209791916
160.9982679440425
159.52331568644598
158.5707203058096
164.2388026897724
159.6234643642719
158.45169239777786
159.2915814473079
215.70463308921228
174.16860132951004
155.45926207762497
153.4712842794565
154.29611334433923
156.25120030916653
175.3888172369737
151.05142501684335
151.8474680827214
149.18611242220953
148.29535220219537
146.14279985427856
148.72164629972897
144.07592265881024
148.01074974353497
148.43751058211694
201.61108724887555
145.81248712768922
147.00207534203162
146.02222347259521
143.65805570895856
148.23845082062942
142.7653256196242
141.66061958899866
177.1299068560967
202.8087674837846
135.75385968043253
141.93542078825143
140.69998348676242
137.81065640082727
139.1430540084839
151.42166285331433
138.90284677652213
184.26676194484418
136.62675327521103
136.37530579933753
178.50955666028537
128.40618617718036
136.89988614962652
129.85066207326375
135.03442155397855
174.06256797680487
131.13964873093826
153.4212796871479
150.31487151292654
135.01897144317627
134.0675500172835
124.0771653010295
131.32796906507932
125.85444821761205
130.4534159348561
133.78723056499774
128.0720291871291
126.00650851543134
125.83620352928455
127.41695120701424
126.6106632397725
124.24193946214822
127.97686477807852
125.30154224542471
126.91362377313467
144.38633733529312
125.48970365524292
148.86312549847824
126.34344901488377
128.91512874456552
123.88259619932909
130.70212767674371
124.38635858205649
127.78061299140637
118.73643221304967
123.0452717084151
126.52993115094992
123.22443674160884
122.54646196732155
126.61515087347765
119.31088552108177
125.07371880457951
122.05566585063934
134.8639616874548
143.08832711439865
123.332436304826
121.3872828391882
116.93878652499272
148.1770483988982
119.40067748840039
117.79864460688371
119.51104072424081
120.89876097899217
118.16327138130481
114.68038046360016
118.43463348425351
122.68861167705975
118.71866755302136
115.8258563555204
116.76587754946489
122.13037294607896
141.44790096466357
123.51212261273311
119.22195127377144
114.44049660976117
121.1392038086286
121.31231913199791
146.63197664114145
119.08756892497723
120.89367717962999
113.60984840759865
138.56117315475757
118.25258855636304
114.38935007498814
114.91172278844394
112.71074070953406
115.57305389184218
119.2621832719216
115.71445114795978
117.22639422691785
116.66718884614798
118.36961927780739
120.01807916164398
113.85454014631418
114.11516728767982
115.17561394434709
116.88681463094858
115.03528294196495
