20.11866333371117
15.46587798708961
10.912525540306454
6.869068429583595
4.212360768091111
2.796233983266921
1.703412571123668
1.4010459908417292
1.06975233625798
0.8204527369567326
0.6955842546054295
0.6340208873152733
0.8440714847473871
0.667558892142205
0.7590268353621165
0.35843173414468765
0.5648056793780554
0.5103031065137613
0.6043118309407007
0.4650302802522977
0.5232509842940739
0.2802491301581973
0.28894720794189543
0.5093312430239859
0.4518146543275742
0.3941310661889258
0.3720825605449222
0.48401415525447755
0.4910375773906708
0.4489174910954067
0.316550545926605
0.3529339595919564
0.2847233412876016
0.37904810195877436
0.4228202940097877
0.37154331457402023
0.4996622165753728
0.46863624914771035
0.3387080113447848
0.33650042595607893
0.3031198752245733
0.331127004254432
0.26168901491023244
0.380531657487154
0.4058130828752404
0.3468378735262723
0.49906017613552867
0.37351448164277135
0.21439891734293529
0.46791048170555205
0.39230606403379215
0.4744506294706038
0.28840085544756483
0.30467755578103517
0.2923183421648684
0.3342998618526118
0.4889454591487135
0.3316844358508076
0.24604397817027002
0.22914776454369226
0.31221528067475274
0.19743335690526737
0.29108820469783886
0.35895607797872453
0.3113065455995855
0.294188492000103
0.30834651330397245
0.4053332995445955
0.3271716247711863
0.22412218969492687
0.3433099069765636
0.3535861067828678
0.2455450122555097
0.28043640919384505
0.37725479989534333
0.2848118401709057
0.23480235474805036
0.24691284093118848
0.28155425208665075
0.3143063559241238
0.2545924087365468
0.3875009598476546
0.285001311983381
0.28182013350583257
0.2157007890443007
0.31960953071358655
0.40369485034829095
0.36304927093996886
0.35688680436994347
0.32523348333225366
0.2892353092542007
0.2884690695043121
0.29493327775881406
0.2454306688603191
0.37160910488594145
0.3615844967287211
0.3200285299902871
0.22490051628223487
0.40703726267176016
0.26496175587886855
0.33786970740627675
0.36681592748278663
0.2853865674031632
0.4814112680476336
0.3215551944893031
0.3545177960324855
0.45732396095991135
0.2472779585846833
0.22730648047512486
0.2589702909546239
0.24907145063791955
0.3214949436840557
0.41496434426378637
0.29236909010935397
0.3809021989859286
0.343529124522493
0.318160107093198
0.4100482367156517
0.34769927692555247
0.40418933278747965
0.255273258402234
0.3522548268416098
0.2653835332464604
0.470588590772379
0.4633792092402776
0.43697147940595943
0.21095574877801396
0.28898104723720325
0.31245672507655053
0.4819369807484604
0.3010280103910537
0.3842126459238075
0.3535346489931856
0.268011494406632
0.3383634809759401
0.2929613039429699
0.13209632420468898
0.38264040498151664
0.3072928397783211
0.28927351215056013
0.32059824218352634
0.23713638225481623
0.3068032349858965
0.3854940361565068
0.32448431264076916
0.28115795082634404
0.22530163274634452
0.22023996710777283
0.4291044511787948
0.30396277776786257
0.3274781345611527
0.37978415404047283
0.31135938600415275
0.3983579618590219
0.31902296362178667
0.27598097920417786
0.2860326985163348
0.42849727258795783
0.29525501901904744
0.18779511749744415
0.45166434285541374
0.4340860668037619
0.24016078521630593
0.32853863951528356
0.2963180648429053
0.25979682696717127
0.43684950488663854
0.2700154288184075
0.40593247470401583
0.338840977954013
0.3173456722426982
0.24685591681017763
0.32524678785176503
0.2519623323210648
0.31282656107630047
0.3891767467416468
0.38325607191239086
0.29521691657247995
0.3713813354482963
0.35422339556472643
0.2563357303539912
0.4011028391264734
0.449391551670574
0.4832167063085806
0.2448715404385612
0.24861778957503183
0.3358232052553268
0.4030845750655447
0.25328259489365984
0.29625578898759114
0.3519714181089685
0.3446060215078649
0.30015555059625987
0.5159060052995171
0.29053208027921973
0.236745734477327
0.3676556523534514
0.2840189593178885
0.23076167720414342
0.3124065092276959
0.3965390541014217
0.343198701916706
0.4246909919948805
0.3966143393800372
0.31486175315720694
0.2936347561577956
0.3455398592743136
0.3541232853063515
0.3389582289826302
0.2948216803017117
0.26549272185989786
0.32809724295068354
0.1891469502200683
0.29698013194969725
0.3211741064276014
0.45343575147645815
0.3528386110528594
0.3314963210196722
0.45527952315197107
0.3625866298874219
0.19588516670323552
0.37863483661342234
0.2759610744459288
0.20800409590204558
0.3403907185863881
0.23895951821690514
0.48270890462611404
0.26845405756362845
0.48523571129356113
0.429689480080491
0.297939221019901
0.2019383211930593
0.2819383131961028
0.44900206405492055
0.3763324790412471
0.3554162824792521
0.3070960759761788
0.2755417115986347
0.2628903216904118
0.2982107425729434
0.2626542439240785
0.2945702820129338
0.31306442050706773
0.346593169406766
0.2822149603494576
0.3498165032693318
0.28815235623291563
0.3168414393883376
0.30085135858860756
0.2823488296320041
0.2960669317593177
0.23075337122593606
0.316584524476812
0.2851412171231849
0.2507663439249709
0.4059141615316981
0.48201150801919757
0.490275358936439
0.20764829289345516
0.17179567153964723
0.2449907080403396
0.2246559484019166
0.23779576351600035
0.29617406002112795
0.31489937823443187
0.43346831087200416
0.33878093274931115
0.3761588320845649
0.29800214166087763
0.3757312779891349
0.3083643586862655
0.30466883203813006
0.26232379639432546
0.30337083694480715
0.2980831781668322
0.22616386058784665
0.35098688765650704
0.35160721873953227
0.5412961253452868
0.3058655580417031
0.3339678357754435
0.2868233115545341
0.3608690385839769
0.18213854854305586
0.2893358073419049
0.44911109239217784
0.3075658207138379
0.3447672910988331
0.2511550397390411
0.24946235971791403
0.37866663223221186
0.30946527359386283
0.34299641173510326
0.23987646329970586
0.24319762745428652
0.27810201177462224
0.4716283810280618
0.27111488083998364
0.3070243495915617
0.2580740729879056
