21.161637714930944
16.31999029432024
12.151315076010567
8.768688338143486
6.409934463955107
5.074871006466093
3.4744523650123957
2.5586251133964177
1.8230058082512446
1.3576697160800297
1.1899917963005247
1.0464721598795481
0.8029240022102991
0.7748817102540106
0.6741964575790224
0.5916137996883619
0.4864110393183572
0.5237780685226122
0.5486038036289669
0.5718021673106012
0.43544619619136765
0.4220592347638948
0.546542593411037
0.4381107801482791
0.5340455032530285
0.4673883498069786
0.5132299541007905
0.48024165878693265
0.5182777274222601
0.3687053947221665
0.3642583058348724
0.42794607810321306
0.41553976262609166
0.43693283138175804
0.43164497649385813
0.34130753417100224
0.44029012074073154
0.34514484696445014
0.4387559663681757
0.5795378415357499
0.31361786950202214
0.2971292358069193
0.31013716970171246
0.4393981170086634
0.33696561377672923
0.3282683305442333
0.45756528566458393
0.3439908403725851
0.43762435231889996
0.2654304080421016
0.3053495080343315
0.42557064399477984
0.43249459600164775
0.45323031892379123
0.43301331784043995
0.3122688083066827
0.4082319133338474
0.24913894136746725
0.3256503022497609
0.5364606188876289
0.41580960314188686
0.3773919998535088
0.24609941935964993
0.38152906724384855
0.3913177518794934
0.40726165047713686
0.6721785013519582
0.4820285315314929
0.3769236494387899
0.42101437882298515
0.2800748823654084
0.41622630258401233
0.27886016489494414
0.39245620405390147
0.38264727246548447
0.3510036657431296
0.33718392190833885
0.5225930614840417
0.38774796069732737
0.45420745068362783
0.3463236586678596
0.25680047433291164
0.38064124683539075
0.4148391771706797
0.26506842158380006
0.5820280533461344
0.4747802658627431
0.22139313338058336
0.33593109028325197
0.4870491950284867
0.28091395557636306
0.40234545228027163
0.3564774025054205
0.27996455345835003
0.43747052550315857
0.3369550421124413
0.3119318607662405
0.44318989806232
0.4089674172656877
0.2843089077089514
0.41390053644066765
0.24022347355882326
0.3486439303628036
0.273918929731562
0.3813624968308778
0.2708241393168767
0.28707405410352205
0.31614824295753524
0.4669606291822025
0.30976987239860354
0.4208787101365271
0.3310417373265539
0.36220498258868855
0.3843783466588883
0.3461176171189263
0.4409530751761936
0.16783626874287924
0.3374072109304723
0.24404800071247987
0.37048507251200224
0.3313914668701944
0.3103393302964313
0.6464526195611272
0.34293813205191065
0.349448512530043
0.3370301185974053
0.25089322225678534
0.402859675742331
0.34272286916772526
0.3708324105966659
0.35952176632625715
0.3783603919049104
0.3305674000155358
0.31800219132786706
0.42295824195302667
0.45080208742902395
0.4427122592571236
0.4883742236665317
0.41430360735172317
0.3875913946401505
0.32234691455960274
0.4899585745519116
0.20598985556335675
0.3668681824845927
0.3065434293377967
0.37166292610622587
0.3990570728977521
0.39107207989408854
0.33271758240603266
0.3342239498382523
0.2591095756561983
0.3308234065771103
0.34602707926006543
0.4053508458392961
0.3813395169341848
0.3496513716166928
0.4275153962274392
0.37357453256845474
0.36477882752106305
0.41968864220238866
0.3730740302375385
0.36912396816270693
0.30307957663067747
0.4293052062747024
0.475629083634842
0.33435209024520146
0.3259328078212483
0.16541538085965884
0.2602127769163677
0.6408494576102212
0.27335866256838753
0.3573536672407672
0.3056171036192349
0.347434718073124
0.32400377626929966
0.3943920639299211
0.24553544340389116
0.30854719451495577
0.36044888242724393
0.44240723443882807
0.2769321391270274
0.338889089013849
0.31777380193982807
0.36681173528943745
0.322494690262136
0.38670038822151365
0.49211043935446513
0.29558315589314416
0.21358539217284747
0.34137330062332605
0.41510414491806713
0.34384792510952267
0.35802901145957766
0.4368698529544331
0.485556649487643
0.245517672970891
0.2762680011136191
0.3768190010672524
0.2595654410265741
0.349183312661591
0.4468034340866974
0.49643701918068384
0.30269735856425195
0.4170511379128411
0.41847360808224904
0.28518014223802657
0.37641068335090366
0.3242748686600299
0.30757412536158446
0.33851580037957146
0.3784075689812501
0.31052841742833454
0.42678080729785417
0.30244616933521773
0.3283384548766272
0.3655021415934676
0.2463704131188847
0.5159449979130711
0.438392467442013
0.36626527316513513
0.31848134969671565
0.44096699286074864
0.3617556776319231
0.3700633315103395
0.4505595312941642
0.3791785648181325
0.32456788580332485
0.33781122363039423
0.29527533018872854
0.3494975229813939
0.438800418838149
0.24865728332882836
0.2772188044729687
0.24184538787674337
0.5861634729163987
0.3184375243172759
0.369544436356851
0.3782957148339067
0.3672536482945794
0.6357018223830632
0.2617639970211756
0.3351375088095665
0.2833435313687438
0.3211430518754891
0.4080001896335965
0.3386680670082569
0.520343046103205
0.3308521906534831
0.38075735774778185
0.31984549281852587
0.2444756385825929
0.3839556550873177
0.3476228660770825
0.47345127094359624
0.49472097555796307
0.40803619243559386
0.3294148704125768
0.33009417958202814
0.28719696384810267
0.34312569970885914
0.3076855487057141
0.3538754211650008
0.3591181742293494
0.4133487687047039
0.4597477705350944
0.2959433016145513
0.38210879266262054
0.23478309845640546
0.591061420738697
0.4029899454187779
0.5657308619646799
0.5140089348313355
0.42505895772150587
0.2836480009413901
0.33924162866813795
0.41360477837068693
0.4680267334693954
0.2496139910959062
0.4350246453569049
0.3198931818561895
0.4342833211024602
0.32701773870558964
0.2757367429633935
0.4220065861230805
0.26197194520916256
0.3163699142280079
0.36430787454758373
0.3745546436735562
0.4077709609908717
0.34206700289533254
0.35355221373694284
0.41905094984741437
0.3570939786732197
0.28299462369510103
0.40493310358197915
0.48476641234897433
0.41890619251699673
0.25243046258886653
0.3638332949153015
0.2844363729513827
