164.1574812210523
144.58676727001483
134.82504554895255
119.0256284750425
117.06206510205699
119.03794299639188
143.56898406377206
108.60119272431788
109.92229245259212
110.55701390481912
115.27303383900569
112.00541223012485
110.11364470995673
106.74589962569567
106.11829053438626
106.84860867476807
131.6076626777649
103.66698894133934
101.61151937338022
101.7260070855801
102.91646187122052
103.37348706905658
103.9252355648921
123.72352280983559
106.8778302027629
132.34583733632013
100.37281498542198
98.73414360559903
108.81264432290426
99.36661199422983
131.0020990371704
106.37004613876343
102.6488280703242
99.53319895038238
97.92625577633197
139.09770037577704
151.67888318575345
102.58587195323064
107.77271096522992
104.97324209946852
101.91915607452393
149.44327702889075
99.79222811185397
101.904634183416
102.4755435861074
99.38749903898973
97.48197071941999
117.79663742505588
107.41369656802944
108.07467492268636
102.61545592317215
97.43792471518883
100.52608513447026
104.63657473027706
108.93917611929086
103.8434607042716
111.25838059645433
103.0256357559791
105.35334570591266
101.98926808283879
100.42755812865038
96.57820520034203
101.15808572677466
119.1969240628756
100.35763305124755
97.82202647282527
96.95708768184369
101.7143970112867
99.25920761548556
128.7116872347318
100.6717154933856
102.7803805241218
96.96451181631822
101.73062008991838
98.54271521935097
103.5317821016965
99.61916397168086
103.3679865018393
97.61372554531464
99.0395038494697
106.57557175423091
100.694401209171
103.61813454444592
128.49444117912878
99.72981135661786
104.25414149577801
104.78288647303215
100.96336427101723
100.05032080870409
100.05954649872504
151.92685281313382
104.33386248808641
101.87116069060106
110.96390394064096
105.20623427170973
94.25870054616378
99.98146404669835
105.84482592802782
103.13018441200256
107.61237483758192
