18.57453927539644
13.849443299429756
10.16953011921474
7.320289793468657
5.271096774509975
3.9288963192985173
2.949747446037474
2.0723822783856165
1.6250590710412889
1.1818208140986306
1.066306471824646
0.825394834790911
0.8053148101483073
0.7513476752099537
0.8261645414999553
0.6986884155443737
0.6482261234805697
0.6299847623422032
0.5421357027121952
0.633033534334529
0.5050119509299597
0.4694782243598075
0.47980582288333345
0.5019203381878989
0.4387582466006279
0.6611903554626873
0.4724184405945596
0.4604911711953935
0.40525155798310325
0.40845521574928645
0.34703856742098216
0.5376562841591381
0.40374614227385747
0.5382092438993
0.5878526341347468
0.41176177543543635
0.38041505501383827
0.4764785088066544
0.46563709456296193
0.3760217967487517
0.3386771891798292
0.3231694666402681
0.3934909330592269
0.34381125973803656
0.428437184187628
0.2769422029100713
0.3024840625446467
0.41279645618938265
0.3165772028622173
0.3370557894841546
0.37609302536362693
0.5758557000330516
0.4763670728674957
0.4794910408201672
0.3148024458260763
0.4734316251817204
0.270839063894181
0.4794598505610511
0.4566544315644673
0.30907547296512694
0.3234816046342963
0.46008015512710526
0.31860690510698725
0.5343936529187929
0.4147696083500272
0.292055903978291
0.382409649768046
0.442029486809458
0.42104380223013105
0.35957193339154836
0.5290841139143422
0.4777747892907688
0.26021480471605346
0.40118370418037685
0.24612015130973997
0.39765308389351484
0.35969538383540656
0.3494718065928845
0.27685613877006937
0.32510891060034436
0.31028557426872705
0.34989385218137786
0.33876229184014456
0.3717269390111878
0.5179460548928806
0.3823759506146113
0.3756964983684676
0.38707428815818967
0.27581893129362944
0.4817138151043937
0.34815736753599985
0.2936488911509514
0.3064267874828407
0.4074395504735765
0.4682427846959659
0.4142815525687876
0.4915757244009347
0.3292531243392399
0.48893112618298756
0.36435215716205893
