4.736351728439331
1.2476742267608643
1.230420714074915
1.1510265334085985
0.6972636986862529
0.6016220992261713
0.464046681469137
0.3426700545982881
0.39591399851170456
0.33451147682287474
0.24534854292869568
0.25232786346565594
0.27892043509266595
0.23858845030719583
0.2626153996044939
0.2233919555490667
0.19707463613965295
0.17347979748790915
0.22803483632477847
0.18900126218795776
0.12696467407725073
0.14697956971146844
0.14987912706353448
0.15923774513331326
0.1498888541351665
0.14653787897391754
0.16150712763721292
0.13642904230139472
0.17143514413725247
0.1441353799944574
0.13212719017809088
0.13873392411253668
0.11674057895487006
0.1276790811256929
0.10670463029633868
0.13019293580542912
0.09744874760508537
0.12306821278550407
0.10275561125441031
0.1194245307282968
0.1367005001414906
0.10645218735391443
0.15423267063769427
0.12981062721122394
0.09245952455834909
0.1225266463377259
0.13107747482982549
0.09669004211371596
0.09573401646180586
0.12016057087616487
