164.026902785668
142.8597209086785
138.53305246967537
127.93661836477426
116.22440405075366
110.67936497926712
104.70503543890439
108.00559754325793
119.69923144120436
108.64252205078418
107.38248015367068
133.25943521352914
105.8150533102005
104.97269753309396
104.57205612842853
105.93418206159885
107.27905287650916
113.46158992327176
99.54350963005653
101.95559800588168
103.36327148400821
102.41490982129024
95.53736927073736
101.75997510323158
102.71905591399766
101.38445842036835
101.53024221383609
107.15640467863817
98.62771349686842
115.63494553932777
105.6947187597935
98.60547096339556
99.04082582547115
104.41424303788405
102.20540834390201
103.20441925525665
101.65534455959613
100.39070936349722
102.39233580919412
101.80304411741403
100.91288143081161
98.50240168204674
106.7646316748399
102.16948378164895
105.12548441669115
102.56843905552076
121.04977798461914
100.02343814648114
101.20822677245506
95.13805241238039
102.52717733383179
138.13118875026703
100.83655135276226
121.46721561138446
104.11963223408048
102.14394088891837
100.83842886411227
95.8334442073336
96.83110674241415
102.97020948506318
103.09194308060866
104.7208340534797
121.1222955263578
120.42131372598502
99.76441959349904
101.9128387272358
99.58421212090896
104.44788026809692
111.08836335402269
132.8314145895151
103.5061845779419
102.49623802533516
104.11763807443472
101.7426081861441
96.21928149461746
104.01601241643613
96.75619949171177
104.8529743047861
102.2341063939608
96.41815061064867
104.37183661415027
99.43219164586984
99.89233396832759
98.88847586283318
109.72834040568425
102.18707150679369
105.84453443275729
103.58992851697482
102.51480660071739
103.68614795116278
97.2664339268007
96.85858914012519
154.80817620570843
103.9247318139443
101.0293828019729
129.24831830538236
102.78643814417032
104.88123948757465
97.19577798565464
96.50261326764638
