20.813492411658878
15.611898967197963
11.538488070170084
8.40182866368975
5.960771276837304
4.170379218601045
3.054638468083881
2.156178911526998
1.469264771257128
1.2303753773726167
0.8174015783837864
0.6860618619691758
0.5398904251023418
0.4558340586899292
0.5962469370237419
0.5430944769510201
0.18859397016820453
0.34527406398029553
0.35985653483796687
0.20978897401974314
0.3904755377609815
0.31372625500495943
0.2606360356190375
0.27804314753129367
0.3975453359030542
0.3331012268151556
0.2691362046503595
0.2697078374524911
0.4229715635024366
0.326198758823531
0.3549046412642513
0.23515508696436882
0.3654463047250396
0.21145457889707314
0.3559692277617398
0.4867520368702355
0.22222524269350938
0.3381772862215127
0.35497700192389037
0.3508661211956115
0.3010804868924121
0.27342702599153634
0.1589001399198813
0.3268466882318968
0.26822166162587346
0.38971267498674844
0.3995172541943334
0.31344658189586233
0.23818636543693997
0.3570608055396449
0.29860067646950483
0.4211848450913316
0.18984023588044302
0.3711261289815108
0.26661878802059663
0.35969932483775274
0.18522907478646153
0.4707159311288879
0.3033489868310945
0.2423151284456253
0.36892007592888104
0.22222415641659782
0.5402567893976257
0.326474862705384
0.4217182266126786
0.2562374939388108
0.25114115172376233
0.3189087562440407
0.4554144347618733
0.34128617127204225
0.2060434478113339
0.18478098334301085
0.3434812582674481
0.23601389645288387
0.22932516703648226
0.28044728300578536
0.3486163876950741
0.23495341495921215
0.2710483039374508
0.502296981623485
0.2728917347489014
0.22980438458866306
0.1947903913401422
0.20099363626823538
0.25588030168520554
0.313062615337826
0.22137221463379406
0.4736738625825161
0.3207825038227297
0.3926341323448079
0.2450590737696205
0.2828580849981379
0.41806831609989914
0.40111679765617564
0.3007105601330598
0.15525868311080904
0.25507333200602306
0.3479028570554441
0.2928505472927576
0.1815613889623256
0.30515843789492336
0.17756590938993863
0.30252589959473836
0.31445566731105956
0.1341878536290356
0.3461679803606655
0.1481390262377404
0.3537013622754741
0.2632019558389272
0.4031713485185589
0.2539262727257751
0.3458205351073827
0.3074834739700669
0.32449269844662576
0.3293985559472016
0.31417107537743594
0.2431683669398938
0.31867762220402557
0.2530159515639146
0.3038531123172669
0.2745611736817019
0.23183359675818965
0.4305117540061474
0.22973419473107373
0.20942662248299235
0.3586743455601945
0.2692969669809654
0.3383223912456915
0.13491781805420205
0.20635632274761087
0.38367407334347564
0.29936683639174416
0.19738318354246162
0.29023783183878377
0.3062272982095324
0.15427003468253783
0.44476167511727127
0.3779008678559746
0.2001393046562693
0.42627092592772986
0.23563243510822454
0.26412023621655645
0.3503335921892098
0.1532197683783514
0.31517681075880927
0.23696346603156554
0.2549806254073268
0.23626770527057706
0.23515474077846324
0.2598768584430218
0.15588093289573277
0.2885577669810681
0.31688979503122117
0.23105323826894164
0.19947397779850734
0.27884172320011114
0.22570916230879015
0.24185537502524398
0.31430472371478874
0.24549706262492
0.3558707007960904
0.24094859479616085
0.4390403757847491
0.21857638382131145
0.3003406260339987
0.3494410449195476
0.25293921905436684
0.24754822923846187
0.1632898853470882
0.2152754437355768
0.17821610585919448
0.28489152528345585
0.306022854610568
0.16310247206794365
0.43734342737921644
0.36898323379102205
0.2198510691523552
0.26931729318485376
0.22129409414316928
0.33372240274080206
0.18959735036783276
0.21537200232879036
0.2833526844957045
0.24868576062311018
0.18093483682189668
0.24079224773283517
0.36367334163792076
0.19882165050754944
0.2709155342585984
0.2495661529911948
0.30802489772793795
0.300430707101311
0.308208269599293
0.2589749556389593
0.27685086402509895
0.26876961725897025
0.16602024081207456
0.1815430468303107
0.29023722807566327
0.26658611587204395
0.3434538600877637
0.15995691898500636
0.1802593518625058
0.19039382067109858
0.4092305256940779
0.25590459869376253
0.24649576687564453
0.36935921430232976
0.23605195033763135
0.38574670388230253
0.13794404370266766
0.41442430671304464
0.23280520950044906
0.2939426732648696
0.3535906784236431
0.3070393241498442
0.21871802818384908
0.28923186489070457
0.21357030873852118
0.3306913904490925
0.19859366358390876
0.25654902482139214
0.2342132149885098
0.3683631796212423
0.27362834679938497
0.39681911574942724
0.2180359796399162
0.26853648639683214
0.1520892045948477
0.24293553305878526
0.13469219274286712
0.33489839351248174
0.216294838248619
0.32636146234082325
0.20710654459184125
0.22149004153020324
0.3103481554204509
0.44327017044027645
0.18228193447880803
0.39678870469686534
0.2107939858965221
0.3105894218065909
0.35071923601485433
0.2917879613205081
0.20632728721414292
0.19315312093212492
0.2150752612700065
0.28638919975076405
0.24616799787396476
0.23333661043129506
0.44494332497318584
0.12805698282041011
0.2658849461447625
0.3724329953658439
0.3439362355108772
0.28582402371934484
0.5677548577742917
0.28648012903119835
0.1820577649133546
0.19212716019579343
0.2114425693594274
0.37044482216948554
0.3494280507078483
0.11231296190193721
0.26942984192144304
0.35340420564725283
0.7039912122612199
0.3260725037682624
0.37530064813437913
0.2735016950672226
0.3003516626499948
0.4233513704190652
0.33534106084456045
0.4004627156647898
0.2999125686252401
0.26798833605079425
0.22720763832330704
0.2220139999297403
0.2233494446125059
0.41664161448854775
0.21446190907486848
0.3433008763850445
0.2162287998501034
0.2769020314638813
0.24253282691573813
0.17374455086177304
0.2846667337275687
0.29367448495967047
0.2797591613516921
0.14520602557985557
0.2117068606118361
0.2807608335944159
0.18319657034728498
0.22884799265080974
0.3720468253872934
0.2762555327222106
0.2503312450079691
0.231547843820105
0.28222415786946103
0.242892969998398
