18.38229261125837
12.721417427062988
8.429965518769764
5.378960734321957
3.686253859883263
3.530925364721389
2.8682752336774553
2.5835553407669067
1.8834536955470131
1.4019385803313482
1.4417944522131056
1.3312710935161227
0.9886885994956607
0.9060600314821515
0.8141455203294754
0.6619755845694315
0.7334219039905638
0.8103676466714769
0.5951727401642573
0.5568949122514043
0.5563299833309083
0.5205075868538448
0.5089088593210492
0.4848066596757798
0.4076693483761379
0.3609055109499466
0.39248573247875485
0.43278511329775765
0.33943272204626174
0.4869756907934234
0.3080699988419101
0.40414800583606675
0.2950330220517658
0.43144710965099786
0.5093565598751107
0.3039373987842174
0.2908387462652865
0.32809673498074216
0.2206824861821674
0.5339601599566993
0.24811805243648233
0.20488379594115985
0.21622677998883383
0.4306026590721948
0.4309843996805804
0.3270894626066798
0.3426044709270909
0.16336914542175474
0.2621937591937326
0.33231370044606073
0.235627445481008
0.2524940755573057
0.34673773284469334
0.4157189636358193
0.2474104245858533
0.18389166767398515
0.26306971739090623
0.19584197453444913
0.2810959056729362
0.27918664791754316
0.20714383563470273
0.3459301171380849
0.2536313295186985
0.11679517264877047
0.1832538911451896
0.22320619881862686
0.2055044314336209
0.30807335630414034
0.30640597224590327
0.44091129090104786
0.33508161916619256
0.292708485342917
0.23844239647899354
0.3142741747377884
0.22891240655666306
0.2246612606658822
0.3756078714061351
0.223456827125379
0.3488567074139913
0.29500703549101237
0.4557398548793225
0.2321507880198104
0.3262037822888011
0.2400614662716786
0.21213053379740035
0.2513513071905999
0.30234746014078456
0.20646858428205764
0.329979346798999
0.30446906347892116
0.31335536585677237
0.25697428529106436
0.24639759372387612
0.21214681526734716
0.26770885346368667
0.29264197471950737
0.2741362869384743
0.315286853927232
0.2811164679449229
0.19852698097626367
0.21525065015469277
0.3482506854370946
0.29964209862408187
0.30209616137047607
0.26084254096661297
0.48371054072465214
0.23962596502332462
0.25505353794211433
0.35547909783642917
0.21225282443421228
0.2270211927770149
0.2666159588843584
0.2200372785862003
0.20036262610838526
0.32887495770340874
0.4333503305291136
0.33444071951366605
0.2013152168088016
0.24383812983121192
0.22272773326507636
0.21814452599556672
0.2143528303574948
0.2907086546044974
0.24647726508833112
0.25536698280345826
0.28501877153203603
0.26760958117388545
0.4241101071238518
0.28235473058053423
0.2736834033525416
0.20850525601279168
0.2862940820909682
0.2909699102331485
0.23020598758012056
0.14726193568536214
0.21082266118554843
0.29832522411431583
0.19343768512564047
0.22582776622758025
0.2328198216855526
0.1969390240098749
0.26436895531203064
0.2082300198574861
0.24610691216020358
0.2757630718073675
0.19178745345700354
0.3626552797144368
0.3574206500890709
0.2139888373868806
0.1719348959269978
0.16806071597550595
0.3987960471283822
0.2263999915726128
0.2626622805283183
0.17797021931480794
0.23423205227369354
0.2880026213824749
0.17616225739142724
0.2176853318122171
0.3718353554251648
0.3289125451729411
0.2847707757637614
0.20508636862394355
0.2518318790410246
0.2655247025901363
0.27897558822518304
0.34686740434595514
0.25879170142468955
0.1581489760872154
0.18735949340320768
0.25648510305299643
0.27860887151300195
0.19193347277385847
0.18753937055312453
0.28449404275133494
0.34673176732446465
0.24348903660263335
0.26607398972624824
0.20328410173810663
0.33881906810260953
0.3336520563988459
0.3165939354027311
0.2596244796046189
0.25934525082508725
0.20076174351076284
0.22635725424403236
0.3397741009082113
0.22304511602435792
0.11901209955768925
0.1842316078643004
0.42253622519118444
0.17718466593041307
0.27404467495424406
0.16819702399273714
0.29568745142647196
0.33052838398587137
0.26305976217346533
0.2511475701772031
0.32016566590893836
0.3172684625855514
0.1888595281967095
0.15365310208428473
0.22412805738193647
0.2701487738106932
0.311373822701474
0.1971825628230969
0.34736770905909087
0.30801071643474554
0.37374853369380745
0.17950262271222614
0.25371371852677493
0.28921228141656946
0.2496764399111271
0.18663150369234027
0.2854685723072007
0.20252579565913903
0.29447595375989166
0.28675080002063796
0.24584909963111082
0.23256082176452592
0.27838192463275935
0.14272898621857166
0.34053821861743927
0.1552322587619225
0.37574015788379167
0.34714837602916215
0.2700489352324179
0.24832838543114208
0.29485197001624674
0.33721300959587097
0.27743479875581606
0.24912798617567336
0.3084376708914836
0.2634611949324608
0.3025532156406414
0.21852005982682818
0.3058592300152495
0.2886715527801287
0.25830150803639773
0.2144548807825361
0.22864840614298979
0.3620520727265449
0.29588755406439304
0.27375555881077335
0.270046177808018
0.3063872229485285
0.285481853499299
0.20318751622523581
0.2871731880697466
0.5200705873292117
0.29850745919559685
0.2476728507982833
0.15197031909511202
0.2496278425235124
0.30214826283710344
0.22270924660066763
0.2662405926911604
0.2963431370222852
0.17750054136628196
0.2570676871885856
0.26814208796159145
0.20593048295094854
0.38443352725534213
0.29280129314533304
0.22526358112338044
0.3062180763199216
0.2902746285711016
0.24161858129359426
0.16790597712887184
0.2360198689358575
0.2649256858442511
0.3223173199664979
0.24322101806423493
0.2789820284538326
0.2215578518807888
0.2457674615794704
0.1784854353893371
0.18338112834663617
0.18720177090948537
0.19572403849590392
0.442101158556484
0.1380281358336409
0.2212071138034974
0.1939942996416773
0.13565841671966372
0.1724808460899762
0.34672729165426325
0.18414399604357423
0.24351336904579685
0.20862869687733196
0.2875115857237861
0.2012381019691626
0.2288660415492597
0.2671885674908048
0.3089175575545856
0.2723404633856955
0.19138934995446885
0.31385059237834956
0.23718671181372233
0.21441061484316984
