5.243338964202187
1.0448969196189533
0.8546441495418549
0.6218483014540239
0.4675156528299505
0.3268399929458445
0.2596099877899343
0.13988284969871695
0.12139512327584354
0.2188982790844007
0.1347171738743782
0.09517986598339948
0.04692356373098763
0.03559194031086835
0.02965105308050459
0.017521928995847702
0.012179912279613993
0.010926346971907398
0.009654723001982678
0.009096417533741756
0.009176421762359414
0.008557966867969795
0.004018501907756383
0.0036731828744946556
0.0027209178343499925
0.002313312132504176
0.0016716387683779678
0.00132179669956465
0.0010628456114897165
0.0009187154672955247
0.0007117052565180612
0.0006087045515993271
0.0005519262482597366
0.0005403276644012129
0.0005118074557024308
0.0005577604699117893
0.00040496940809217364
0.00037464037268364336
0.00030160286438661967
0.00028189942134882915
0.0002726328149781859
0.0002336441289530326
0.00023917310615863906
0.000207612799882058
0.0002393863267736213
0.00020864773184505546
0.0001769201930569993
0.0001971438485435845
0.00016788428100963674
0.00016555674780895723
0.00014706969432154438
0.00013555528196527368
0.00013341878519151413
0.00014676618618316505
0.00013594475413728188
0.0001239671829270347
0.00011918177320198579
0.00011893323661834901
0.00011262560805004217
0.00010922054372547956
0.00010585119856510904
0.0001199622335909887
0.00010621651098187034
0.00010368282358864566
0.00010001983123815576
0.00010150785146834096
0.00010053007235910627
0.00011384658798554234
9.198010200799962e-05
9.825918552699228e-05
9.55819606464171e-05
8.951424260058874e-05
8.867409575362795e-05
8.817429174583098e-05
8.77488739661203e-05
8.916908125849494e-05
0.00010054272483599065
8.495690533229869e-05
8.730766570476011e-05
8.940396024957987e-05
9.658127317958464e-05
8.447537406523638e-05
8.241717068813159e-05
8.239557436437198e-05
8.300753717611025e-05
8.148915912897792e-05
8.284956261790781e-05
8.416149078336524e-05
8.05579521428709e-05
8.007613946987972e-05
8.327664082488892e-05
7.967311239553965e-05
8.36497557760264e-05
7.911694148209459e-05
7.910794893591215e-05
7.983022210696204e-05
7.883708646907259e-05
7.883531245831612e-05
8.017371341008005e-05
8.185317067893101e-05
7.824786933435297e-05
8.005815677527359e-05
7.802409944898417e-05
7.799554544941533e-05
8.140103591358638e-05
8.150593050066328e-05
7.786138011893358e-05
7.772094861800063e-05
7.762803864931233e-05
7.777516719381146e-05
7.847435335861519e-05
7.795573502665899e-05
9.01203921702373e-05
7.741660944950787e-05
7.746288522205511e-05
7.750449491471623e-05
7.754301094047895e-05
8.0949252791966e-05
7.76221832604113e-05
7.742138996036374e-05
7.738427848380525e-05
7.770112952956961e-05
8.248924500135631e-05
7.726959670022056e-05
7.734835484866794e-05
7.756948058489466e-05
7.744794323695136e-05
7.745427387817472e-05
7.727498706861462e-05
7.730952765169522e-05
7.88412231196906e-05
7.72062795394132e-05
7.791252139875063e-05
7.971163896317276e-05
7.722141489549276e-05
7.741687411246609e-05
7.730539292341828e-05
7.737452919669026e-05
7.736133986988783e-05
7.747290646875626e-05
7.752030662479889e-05
7.726924567660635e-05
7.722875154120794e-05
7.961165444860605e-05
7.716476728670717e-05
7.962199825587132e-05
7.718754452732604e-05
7.791223269619381e-05
7.716140540155307e-05
7.735981555676766e-05
8.967650966372854e-05
7.720545696346645e-05
7.717924030327016e-05
7.721598382721078e-05
7.716533078068592e-05
8.088150599922466e-05
7.723269573034486e-05
7.720803151559349e-05
7.810137512106766e-05
7.716780299398869e-05
7.727793515434975e-05
7.744902636245983e-05
7.942353723096444e-05
7.730816369902723e-05
8.098275518684453e-05
7.727314558988755e-05
7.731907408015104e-05
7.718309660214635e-05
7.716433304432775e-05
8.072217017549768e-05
7.748876743624516e-05
8.118813006645227e-05
7.74318830487821e-05
7.713071515395727e-05
7.733038261325088e-05
7.966183466123766e-05
7.934145448664573e-05
7.762353762204425e-05
7.720843111449291e-05
7.71749854596816e-05
7.722598938512833e-05
7.72249749057995e-05
7.733908465855744e-05
7.71550789977482e-05
7.749794857855622e-05
7.754382388404999e-05
7.975907882692726e-05
7.712514992487162e-05
7.78277733388677e-05
7.722749958041028e-05
7.716742113023594e-05
7.722933543680648e-05
7.76054758840804e-05
8.327534624186228e-05
7.749422471451081e-05
7.747939786316816e-05
7.723499038547743e-05
7.816284373389367e-05
8.070994020024294e-05
8.984206868428208e-05
7.726374414315532e-05
7.716894920535692e-05
7.72490000351602e-05
7.726228018741081e-05
7.718179362696405e-05
7.727202587788766e-05
7.971745092370178e-05
7.74355528185631e-05
8.069735397177944e-05
7.713469521645906e-05
7.7411232640853e-05
7.715278798059444e-05
7.742403472961583e-05
7.94020462638979e-05
7.742973488430752e-05
7.718384232579079e-05
7.974535546137221e-05
7.73350954494328e-05
8.97720861261901e-05
7.742302130447405e-05
7.96372687339251e-05
7.876667611774543e-05
7.721018689401468e-05
8.110360403696342e-05
8.962887494073419e-05
7.728512863733076e-05
8.152687570889776e-05
7.728854811003575e-05
7.721605968733705e-05
9.206339165178757e-05
7.726543779798786e-05
7.727945930210726e-05
7.731040494201642e-05
7.735576363384925e-05
7.931117711863904e-05
7.881759413728354e-05
7.728708113642246e-05
7.740406871644981e-05
7.791916889552589e-05
8.044009196468819e-05
7.80069275585695e-05
7.716699618950688e-05
7.720829142437486e-05
7.807988764728758e-05
7.964092455123054e-05
7.717577932453423e-05
7.72297536803473e-05
7.73076153564034e-05
7.715074438734023e-05
8.090829454555536e-05
7.737260954275949e-05
7.734265727776801e-05
7.728636294566307e-05
7.722713144175941e-05
7.933951300484213e-05
7.979148197343669e-05
7.735207116804139e-05
7.725718311038773e-05
7.745989245739275e-05
7.735925493596534e-05
7.726692200032465e-05
7.719540082524128e-05
7.720777780791236e-05
7.717602323447699e-05
7.738907809404985e-05
7.729759313819655e-05
7.970292149779694e-05
8.077347353140463e-05
7.748010768244222e-05
7.751772208890047e-05
7.736144685953728e-05
7.81117676689808e-05
7.73346242278256e-05
7.762958541041536e-05
7.718911687830273e-05
7.88953064495052e-05
7.736997808520259e-05
7.73366016139996e-05
7.738351626523416e-05
8.96724672284935e-05
7.983993131429915e-05
7.728456615619838e-05
8.070083037058463e-05
9.112775292537249e-05
7.803887266080974e-05
7.72034176489714e-05
8.338067502997795e-05
7.716987614582071e-05
7.717608381922632e-05
7.807221663824748e-05
7.744511512183553e-05
7.94610717672516e-05
7.717347148172848e-05
8.075363240839744e-05
7.883109972019817e-05
9.212844572010164e-05
8.093467935891981e-05
7.740283969972303e-05
7.747159706510006e-05
7.715777974226512e-05
