21.33411286093972
18.268929308111016
14.177936900745738
9.952039241790771
5.85493820363825
2.861317526210438
1.0299278010021558
0.412703430110758
0.20866100761023434
0.32048604637384415
0.2734670760956677
0.26408896527507086
0.2307543300769546
0.17228989066048103
0.1026870459318161
0.22748923166231674
0.15256029469045726
0.3507899736816233
0.1238516213541681
0.12627622552893378
0.1199566950513558
0.210031331601468
0.10901764678684148
0.16566803492605686
0.12035362354733727
0.10417680035937917
0.09570479393005371
0.1435890875079415
0.0838505124503916
0.13390397517518562
0.10138606144623323
0.12014281038533557
0.06258302300491116
0.14428787068887192
0.12712740237739953
0.09292721003293991
0.294004694304683
0.1400110623375936
0.1797815574841066
0.22153868627819148
0.0769638293846087
0.09477060474455357
0.11987374452027408
0.14446405761621214
0.08552436259659854
0.10219168358228424
0.06269459104673429
0.2247340205040845
0.15249871970577675
0.10423201000825925
