7.715509609742598
1.4610468474301426
1.1797468120401555
1.210496880791404
0.8514469293030825
0.5518682409416545
0.3733804645863446
0.3521200899373401
0.17025911875746466
0.16168974746357312
0.12268613482063467
0.06884162517433817
0.051565126769922
0.03454295867546038
0.03162867423485626
0.02234097028320486
0.015458088876171545
0.012031729714098301
0.00862088401547887
0.007055115378038449
0.0051019099033014345
0.0037158547731285744
0.0029445098109797323
0.0027327051978896966
0.0028443499997427516
0.002005092201712118
0.0014881466261365197
0.0013520320115441625
0.0011276991016612474
0.0008638909308832477
0.0007763989640145817
0.0006416316980242052
0.000585781862768768
0.0005634483346842568
0.0005773477076383477
0.0005865352617216889
0.0004616566994544965
0.0004196342719792896
0.00035499990338972896
0.00032196499788287014
0.0002930056781968398
0.0002894843432427892
0.00029560047154187816
0.00029526458952618253
0.00028763016532386905
0.00024988776005391793
0.00021674202831821856
0.00022467725053006276
0.00020985733830126594
0.0001856485110196941
