21.878927140008834
16.33126181647891
12.139118421645392
8.9166662920089
6.382984093257359
4.5845888796306795
3.2673488685062955
2.212297045049213
1.4299815439042591
1.0304888554272198
0.9164308252788725
0.5836013200737181
0.8970457553153947
0.468164182135037
0.40794590292941957
0.41202342829533983
0.3299638313196954
0.3508464293997912
0.2933371841818804
0.33303820057993844
0.26018189922684715
0.34161044466530993
0.37964750950535137
0.2332428333659967
0.4510328038373873
0.3012841269373894
0.3089115585954416
0.374964228919929
0.22571919636712187
0.3295483591833285
0.345374457671174
0.331338936374301
0.2900421026916731
0.2603831062359469
0.4870834080945878
0.3036371240658419
0.33417469777521636
0.20933424610467183
0.4078194607891852
0.13966062715986655
0.21262946263665244
0.2554226266663699
0.3951431511945668
0.17777253456768535
0.45117961970113574
0.24833874844591178
0.35915099195249023
0.251228133837382
0.2668168780704339
0.21496761129015968
