20.435524849664596
16.13847080866496
13.1036666007269
10.812023480733236
9.513329812458583
8.440647556668235
6.99228851000468
5.7458876598448985
4.34990854490371
3.6447063826379322
2.8586147172110423
2.83658580552964
2.3890357925778343
2.577644353821164
2.4824453649066744
2.318773803256807
2.1733918275151933
2.4380608683540705
2.199455967971257
2.2041210333506265
2.2492881899788264
2.2168512684958324
2.2257653645106723
1.9443549258368356
1.8544934207484836
2.077626503649212
2.184781542846135
2.0324776740301225
2.016277557327634
2.0726344188054404
1.8395027802104043
1.9798895432835533
1.7800383539426894
2.0127008642469133
1.9103284251122248
1.7192333369028001
1.7345472403935023
2.1483436155886877
1.8431078167188735
1.5653400364376249
1.9612757819039481
1.9290901337351118
2.1304259498914084
1.8802930911382039
1.8320163800602867
1.783936469327836
1.842884259564536
2.0277139203889027
1.80334818930853
1.8286848933923812
1.7828495516663505
1.7381585439046223
1.7894167985234941
1.9223501100426628
1.7752443324951899
1.7658663335300626
1.8716050670260476
1.7000064211232322
1.818481187025706
1.646320411137172
1.8721182545026143
1.8636992133799053
1.734643932609331
1.9011977570397514
1.8172137013503484
1.7411403059959412
1.7542256060100736
1.6636243647053128
1.8425125082333882
1.6386023731458754
1.6101902638162886
1.6668790635608493
1.637382331348601
1.8674792008740562
1.7492804385366894
1.816878386906215
1.6600409263656253
1.6832470375867117
1.6682299829664684
1.70113947561809
1.6969636309714544
1.7918349277405512
1.5372803523426963
1.6849234643436612
1.665372908115387
1.8166104271298362
1.524366475286938
1.8021044447308494
1.6796325927688962
1.6779901385307312
1.7278728882471721
1.5732476909955342
1.9249176851340704
1.5957047527744657
1.7723275564965748
1.7905586645716713
1.7362604297342754
1.784388298080081
1.578811452502296
1.728258002372015
1.6247869247481936
1.6204693913459778
1.5925623575846355
1.7079457612264723
1.6249944198699224
1.7309027853466215
1.6399870401337033
1.655062783332098
1.7447049021720886
1.5643199171338762
1.557219379004978
1.874285462356749
1.7544167864890325
1.8620087050256275
1.7353414836384
1.6588033182280404
1.7644141344797044
1.6552543838818867
1.7164679141271681
1.5992712037903922
1.6386415773913974
1.5523284276326497
1.8379345961979456
1.8705844907533555
1.72795592887061
1.800061041400546
1.6260674539066495
1.804897658881687
1.4880624001934415
1.6989467654909407
1.6961378313246227
1.6920271600995744
1.6529196387245542
1.7460256119569142
1.7282614707946777
1.5693418908686865
1.7261803093410673
1.5905926128228505
1.7263182117825462
1.629051583153861
1.805568482194628
1.8507770356677828
1.7968452998570033
1.758875548839569
1.8796325950395494
1.570118826060068
1.9935339462189448
1.8701881085123335
1.6560683761324202
1.7931032720066251
1.849277098973592
1.6584585649626595
1.8226180899710882
1.8130668160461245
1.62689285051255
1.6128798524538677
1.8141236248470487
1.8375002692143123
1.6804596810113817
1.5870114252680825
1.8068317884490603
1.6946204957507907
1.6948827760560172
1.746599515279134
1.8018495582398915
1.7041068389302207
1.7340103841963268
1.5681764795666648
1.7733607292175293
1.5855325829415094
1.6915768839064098
1.6031959411643801
1.649624234154111
2.1018610227675665
1.6656689246495564
1.751247743055934
1.6454477792694455
1.6443240670930772
1.7753432506606692
1.860906327054614
1.905476206824893
1.7723069077446347
1.70806808698745
1.8112600899878002
1.8813770839146204
1.9665555301166715
1.7391407830374581
1.596488907223656
1.6135291698433103
1.7375451553435552
1.726581218696776
1.562794498034886
1.5508155113174802
1.6591245375928425
1.6407706340154011
1.7327021587462652
1.8366595520859672
1.8458157039823986
1.7203878334590368
1.4515436234928312
1.6920947943414961
1.6916706278210594
1.7912002063932873
1.7330399694896879
1.8310880774543399
1.6117982467015584
1.7473918029240199
1.6062629194486708
1.8509084156581335
1.8274059465953283
1.6314625512985956
1.848812731958571
1.665021775733857
1.7237503329912822
1.62558913230896
1.4358997380449658
1.7481627861658733
1.977237860361735
1.70754759652274
1.731695524283818
1.814294803710211
1.6084102676028298
1.5228866778668904
1.6284192417349135
1.8542070615859259
1.6513954344249906
1.6466173813456582
1.73043953591869
1.7287596109367551
1.5448732659930275
1.6293599662326632
1.8700424773352486
1.4791600760959445
1.6623296311923437
1.633219682034992
1.5855730005672999
1.6997009203547524
1.6378516725131445
1.7003078318777538
1.7932561948185874
1.5675473582176935
1.7897049756277175
1.5238374925795055
1.6297081098670052
1.7410283230599903
1.8750585516293843
1.7136513675962175
1.6041933184578305
1.5951126104309445
1.7924766753401076
1.627164290064857
1.7370499138321196
1.7041786227907454
1.8951770081406547
1.927341776234763
1.771130431266058
1.8075956162952243
1.7409037096159798
1.6938125448567527
1.708194116751353
1.841238952818371
1.860234178247906
1.6644329613163358
1.8320796205883934
1.653548831031436
1.7680588776157016
1.4447828453211558
1.6969677323386783
1.644132517632984
1.658140636625744
1.8454712260337103
1.7457423692657834
1.8032659377370561
1.7210686746097745
1.6008102680955614
1.922589157308851
1.6207921902338664
1.6965355418977284
1.5324419481413705
1.7970842804227556
1.7500257917812891
1.881092491604033
1.4930799319630577
1.8202186255227952
1.6270652697199868
1.6866927913257055
1.8734000552268255
1.9297942292122614
2.0068884066173007
1.7334733945982796
1.5688497594424657
1.6388380016599382
1.7511747351714544
1.6555228573935372
1.6117805114814214
1.611637749842235
1.58567913657143
1.7246166410900297
1.5552119300478982
1.6287719408671062
