21.737484432402113
17.180460657392228
13.126528194972447
9.701448179426647
7.142263662247431
5.199917458352589
3.857300741331918
2.8078610045569286
2.070410353796823
1.725809016398021
1.2602441225733076
1.128875242812293
0.8752602196875072
0.8082800181139083
0.7229861099095571
0.6556207700854256
0.5975943637036142
0.4948146329039619
0.5547697324128378
0.5390065425918216
0.5893363697188241
0.49185007934768993
0.44029486037435983
0.651193156128838
0.5038366111971083
0.3876589767280079
0.34114297355214757
0.6018144601867312
0.5266489336887995
0.33295125957755817
0.46560794292461305
0.5724986851924941
0.6271965496596836
0.44167302052179974
0.43570872555886
0.5183389850315594
0.5426097554819924
0.4047583873782839
0.32628162169740316
0.37501743116549086
0.39780567444506143
0.555065357791526
0.41575549223593306
0.4178272329625629
0.37896805114689325
0.43399196082637426
0.4061366275307678
0.23926217463754473
0.28192730549545514
0.33314216136932373
0.27072832449561074
0.45626785925456453
0.3624620356020473
0.3779608454732668
0.5447938960222971
0.48295637699110167
0.4779365855668272
0.4098813147062347
0.35399640316054937
0.3846054211968467
0.2534942502776782
0.293519102036953
0.32070095961292583
0.3554651801075254
0.45686558740479605
0.3201725199996006
0.32500766466061276
0.3540162266719909
0.3964375659291233
0.31651891413189115
0.3148208358990295
0.2900618574626389
0.39942876622080803
0.37055056719552903
0.3260080869353953
0.361100175373611
0.425669740175917
0.3194608948237839
0.4042952857202008
0.20855992216439473
0.32094941039880115
0.24341622615853944
0.32188271713398753
0.3922805841125193
0.2913526142282145
0.23124016271460623
0.25523067123833154
0.35751488077498617
0.4692430361395791
0.35212548609290806
0.3625206347732317
0.39827591606548857
0.47651581927424386
0.27632171004301026
0.42823500824826105
0.24210237188353426
0.42467360854858444
0.5012491732126191
0.39283675523031325
0.4095179912235056
0.28561627510048093
0.3411277960098925
0.4558374427613758
0.26916948723651113
0.3862337517951216
0.5143379789023172
0.359698143211149
0.46822614187286016
0.2860919517864074
0.3367034328125772
0.4123389114226614
0.2917198531684421
0.32138022780418396
0.48168154734940755
0.44415330611878917
0.3618233206548861
0.39116480698188144
0.2557619902349654
0.45226953604391645
0.40757754693428677
0.36361524817489443
0.30264932715467047
0.3794159369454497
0.5142259484245664
0.4588943283472742
0.25129116060478346
0.39420255681588534
0.39897612304914565
0.27362294637021567
0.4698332227056935
0.23567950521551428
0.39032530252422604
0.2469914945818129
0.4124773907519522
0.37430639813343686
0.4896232932806015
0.2907712124288082
0.27148429126966567
0.30341869220137596
0.4721121727710679
0.37931254718984875
0.4115993900313264
0.33753476043542224
0.4682480538530009
0.5007470140144938
0.347732384290014
0.3008183464407921
0.4716721418358031
0.4061207260404314
0.4237672702542373
0.4105399829291162
0.30536276962430703
0.4905282897608621
0.4427428446000531
0.5103178066866738
0.34050569328523816
0.3140691364450114
0.42998234395469936
0.35329335786047433
0.4211148397908324
0.34357312818368274
0.5486939811990375
0.5619408708243143
0.39519564665499185
0.3852520365090597
0.25841970014430227
0.37243252460445675
0.3742156696638891
0.4866574906877109
0.4310657685356481
0.3473585732281208
0.36058072692581583
0.3114938751927444
0.4168881642676535
0.3814088628583011
0.31822763401127996
0.4851058694933142
0.3118814222869419
0.45456643367097493
0.31220527906857787
0.34356734653313953
0.3818343635648489
0.22476417500348317
0.349592818745545
0.3421586893853687
0.44061884266279994
0.2799484580755234
0.5905325309861273
0.2594645834040074
0.33275209331796285
0.2658709536883093
0.3382206477579616
0.4011688901200181
0.28568742308943046
0.4044049744095121
0.35708727155412945
0.40449319620217594
0.2838692622525351
0.35546039044857025
0.359125785884403
0.35612292162009646
0.5057478607410476
0.35291951930239085
0.5600544544202941
0.4737621772856939
0.3528625354880378
0.2919785290779102
0.45345837410007206
0.4890135182511239
0.4503480043439638
0.3525446091024649
0.30647201889327597
0.5286234837202799
0.3630510311396349
0.3294597545727378
0.4740526042878628
0.3366006777754852
0.5392877264391809
0.40614052542618345
0.3572103886732033
0.43133100645527955
0.4233979526020232
0.3276121440742697
0.3764611395696799
0.3475142642855644
0.2947999778248015
0.34754465697776704
0.306274118522803
0.27287141588472186
0.47738460823893547
0.35423080321578754
0.49023172436725526
0.3827852369064376
0.41592900100208463
0.33157265922498136
0.33923716603645254
0.35908629195321173
0.26591584937913076
0.6091004092068899
0.33404682762920856
0.2783791424617881
0.3280928408993142
0.4281513627086367
0.3093940576627141
0.35967202732960385
0.29317851009823026
0.38962977415039424
0.4276196620471421
0.35510326034965967
0.32514925372032893
0.3279647942455042
0.43469316760698956
0.33129798833812985
0.47824136735427947
0.3265677346360116
0.3281381552418073
0.2943471950434503
0.43792715828333584
0.2659739190269084
0.31028262933804873
0.34061321190425325
0.4280977054011254
0.6154941724879401
0.47498478403403643
0.2854341978118533
0.2350181575332369
0.29697173425839063
0.4348713267771971
0.3722010723182133
0.46914892501774286
0.5125220371853738
0.511134111987693
0.38841333027396885
0.36550889652045
0.27967721081915353
0.3574539465563638
0.3345152402207965
0.35770112542169435
0.27821761547099977
0.29791397885197685
0.35312853789045695
0.45926086107889813
0.2677519640752247
0.38058142576898846
0.258284427048195
0.3809651757280032
0.37203742120237576
0.37426068757971126
0.24450565590744927
0.33844028626169476
0.4393972261320977
0.30810921710161937
0.3237001473704974
0.2513479661373865
0.32511000113473054
0.4567340427920932
0.25601419451690854
0.4180868486208575
0.28362072525279863
0.4737353381656465
