20.19658392951602
13.002544244130453
7.490262304033552
5.070929447809855
4.018262005987621
3.327780397165389
2.7092011315482005
2.068549408799126
1.7899080486524672
1.7460001423245384
1.331667538200106
1.3325894191151573
1.135261324189958
1.0855971106461115
1.1443855549607957
1.0364678665286018
1.1008446330115909
0.9920053042116619
1.0664129654566448
0.9019912601936431
0.7487054282710666
0.777789057010696
0.5873864044745764
0.7921266087463924
0.7974463204542795
0.7776784031164079
0.6510428545020875
0.7417171129158565
0.5643990579105559
0.5099668935650871
0.5572998232784725
0.5603091851586387
0.6148448614847093
0.6851119242963337
0.559454491450673
0.5882399720805032
0.5664945305103347
0.5180452210562569
0.4930837793009622
0.6163214920532136
0.5389831782806487
0.580252597729365
0.3823777561386426
0.5751251792978673
0.5197973882868177
0.513817395127955
0.6558946832304909
0.43694103065700757
0.3891570170720418
0.4797248276216643
0.46348323424657184
0.4873896927705833
0.5387550854966754
0.7154989019036293
0.4639019590048563
0.358826855463641
0.4459789941708247
0.5188699818792797
0.5236764575044314
0.4897377496319158
0.4424221008306458
0.5360584422236397
0.45488533555042177
0.49779850031648365
0.4705505424312183
0.3265538283047222
0.49131094469201
0.3355273565366155
0.5371686312414351
0.5445175497304826
0.4695442347299485
0.45239092870837166
0.41192954033613205
0.3861987236000243
0.5567474728893667
0.5988790350300925
0.36631806895491625
0.40070911461398717
0.5326545430081231
0.5563565102361497
0.5352018493272009
0.4269747780192466
0.6266668488581976
0.4866713058380854
0.49553438364749863
0.3754000218496436
0.40511308007297064
0.41102330652730806
0.3674575549860795
0.4058314643445469
0.6938652364271027
0.32370602516900926
0.41450080683543566
0.46409545909790767
0.3140626248149645
0.4402054686631475
0.47449669561215807
0.3265210507171495
0.4280719051048869
0.371547689750081
0.3710956999233791
0.4759873882645652
0.41934951820543837
0.47995363566137494
0.4116008473294122
0.3408408047897475
0.49954203977471306
0.4288016525762422
0.39276166366679327
0.5427625310562906
0.5381621489567416
0.39837060939697994
0.6851390685353961
0.4177653943853719
0.44245258363939466
0.3988922827300571
0.5370548069477081
0.2712699458269136
0.530034068439688
0.4453734484102045
0.468628622236706
0.3760771382422674
0.40625719885740963
0.4063065680009978
0.3337564163264774
0.4798582632626806
0.5569296333761442
0.4021415064732234
0.5100297810775893
0.558278294191474
0.2800274720149381
0.3952381887606212
0.3241531699895859
0.3986263541238649
0.4068609004219373
0.5439238104791868
0.47867613108385176
0.5335143236886888
0.3296046725341252
0.5682513282767364
0.3014763104064124
0.3930138908326626
0.38550012310345966
0.38744194379874636
0.4694222728056567
0.37270265711205347
0.383446488352049
0.5537077412009239
0.5178173950740269
0.3420436368102119
0.3017755966810953
0.4102953358420304
0.41523292164007825
0.46078987632478985
0.4829140578707059
0.4544465399923779
0.444331250730015
0.47151823554720196
0.3178921991160938
0.2967716058095296
0.3629649661126591
0.4943506948295094
0.3282614467399461
0.3791639444950436
0.3280297812251818
0.2749802591722636
0.5961332385029111
0.41759508440182325
0.2953826831210227
0.5622632205486298
0.38250966866811115
0.4620859190112069
0.46399496371547383
0.5068322464468933
0.5122477724438622
0.4136331936433202
0.41771730177459265
0.3015407064840907
0.44145232084251584
0.3226140574330375
0.3647066049632572
0.4525653821017061
0.5159506084663528
0.4626408275660305
0.5170742028525898
0.3160653669564497
0.36150544030325754
0.33365424793391
0.4010272164429937
0.4452857289995466
0.4287269495072819
0.4245249095062415
0.33809956659873325
0.48708686959885417
0.356871125243959
0.2686281608683722
0.38489150415573803
0.586794339120388
0.49158571092855363
0.4280979007127739
0.44886093648771447
0.4286989055219151
0.30164027214050293
0.4547840773704506
0.4791099847782226
0.44129764288663864
0.7049004243952888
0.5730014501937798
0.20359441318682261
0.39083595148154665
0.4902270890417553
0.31583868162263007
0.3413146429118656
0.5168730676883743
0.4527320737640063
0.358521085409891
0.5054370827440705
0.45463690019789194
0.49450016979660305
0.37760544532821294
0.5064273096975827
0.304179030337504
0.47509498752298807
0.41214931117636816
0.4281851354809034
0.5699503139725753
0.2615379841909522
0.4084469878247806
0.4692989362492448
0.338451291124026
0.3950880015535014
0.3253735122936113
0.47922032530463876
0.32138331128018244
0.35877606911318644
0.3424301227288587
0.40516231599308195
0.4972800887411549
0.5669761418941475
0.6226826152276426
0.5249069400486492
0.4480108242659342
0.35557383281134425
0.4007160876478468
0.43803784251213074
0.2182885261163825
0.35438367440587
0.36431205130758737
0.3269088926414649
0.4642953611910343
0.4469000454105082
0.2689589833219846
0.4505739045285043
0.4342601402174859
0.40703740396669935
0.48225450329482555
0.3503302168988046
0.3297909962989035
0.31413892479169936
0.2490096017718315
0.3235077049051012
0.2604774525832562
0.4752397819289139
0.38243882003284635
0.621009363305001
0.5021662896587735
0.3271386339550927
0.5591113734103385
0.5662212962550777
0.3233054627974828
0.35142620085250764
0.408837894598643
0.3363459101390271
0.43279225414707545
0.39228265253560884
0.4140294808007422
0.4713919201777095
0.4076061307319573
0.4444997285803159
0.4603313800124895
0.4304572604596615
0.41334814365421024
0.4287475450407891
0.33308375467147144
0.41864094599371865
0.37664069838467096
0.5317340027540922
0.5313226850259871
0.3653956825534503
0.40764387093839194
0.3009725528813544
0.6079116736849149
0.41240711510181427
0.46258889936975073
0.4330860138649032
0.42619842007046654
0.35687046498060226
0.3969301538808005
0.42566424550577286
0.5328496957109088
