18.68754568554106
13.517398425510951
9.226364203861781
6.613360819362459
4.600572588897887
3.140777576537359
2.4436981138728915
1.4653386757487343
1.4510746151208878
1.1469282649812245
0.9581914785362425
0.7948257454804012
0.6230936678392547
0.5403835418678465
0.614415662451869
0.6683714921985354
0.4797345669496627
0.4573725188771884
0.5430110402050472
0.49467617592641283
0.5071524704496065
0.4635642944347291
0.32168031856417656
0.359977017555918
0.42866012755604016
0.21761395870929673
0.36241841529096874
0.2921254721780618
0.41836962032885777
0.46975707245014964
0.357371890828723
0.37644308450676145
0.34662383794784546
0.5509280188984814
0.3134813652861686
0.37321345117830096
0.4851934357235829
0.3829037139103526
0.2585765038217817
0.28829975089146975
0.38814738836316837
0.5303996088249343
0.33166774539720445
0.31444248326477553
0.2723039449857814
0.23113177574816204
0.28778458670491264
0.3346031879385312
0.3569236614164852
0.35142950749113444
0.3318039182396162
0.3167530530620189
0.20292613658654904
0.23736248373807894
0.4105107289339815
0.3150986486247608
0.3231314184765021
0.40954037986340974
0.4158562001373087
0.32051614618727137
0.3896250524336383
0.5039464464145047
0.30866791236968266
0.40131752241757657
0.25232346675225664
0.28352771184983705
0.45089484627048176
0.39620387625126613
0.28103158676198553
0.3611495516129902
0.31180879482555957
0.3081110181907813
0.2465120382784378
0.44034941334809574
0.3717214458045505
0.14458652736530417
0.37201924630928607
0.2465027246092047
0.1922800884182964
0.2897538961399169
0.363885674359543
0.3208237753382751
0.28943340693201336
0.2879727426916361
0.40386086391905945
0.21317879664933398
0.23996952229312488
0.32084416456165765
0.3113078247933161
0.29910497793129515
0.3694333442974658
0.3834837471090612
0.287081944445769
0.22554356817688262
0.2861119794348876
0.23768904131083263
0.347342667302915
0.44857864472128095
0.32694094184608685
0.2512338942005521
0.27109139740821864
0.3141024595215207
0.33285477788498
0.36195207316251027
0.21685935148880595
0.28881241594042095
0.17372313159562291
0.2600348948368004
0.40797241848139537
0.2288739292749337
0.315175497460933
0.29551483424646513
0.28167154356127694
0.3266024923927727
0.24380597711673804
0.4353053341841414
0.27671089732930776
0.3231562168470451
0.40613569798214094
0.33749477228238467
0.23663684566106116
0.25775955777083126
0.4282221222917239
0.41903884141218095
0.35093376679079874
0.289260443122614
0.29341620428576354
0.21990905799681232
0.18248669537050383
0.3854393253014201
0.4043203237510863
0.4032251760363579
0.3539972271592844
0.36161845984558266
0.24507059139155207
0.3173492544641097
0.41390657398317543
0.23508864570231663
0.39599574729800224
0.23163235480231897
0.3501640207001141
0.23972866713025032
0.25628641886370523
0.21767743605942952
0.3780379634173143
0.30385131672734306
0.24934283537524088
0.21519919821903818
0.4875249752686137
0.1940165531954595
0.2787709026819184
0.3220975093898319
0.2833663413212413
0.18981405684635752
0.47109836082728135
0.26070486115557806
0.2846467151705708
0.33546063942568644
0.38598241763455526
0.3116433315333866
0.36813207768968176
0.3481696224993184
0.37875265574881006
0.2397337882291703
0.290104144208488
0.2658300522182669
0.33244661880390985
0.5339289855744157
0.3147268584441571
0.40394376315886066
0.2252183427945489
0.2648859033804564
0.35341244794073556
0.2754300096560092
0.29998356183724745
0.327467191520901
0.2994409685156175
0.36936029366084505
0.2848520094440097
0.2596259235980965
0.4092356101388023
0.34676192257375943
0.2855695831101565
0.49293894941608113
0.3864387440539542
0.3375372766916241
0.3228234231826805
0.4141012066531749
0.343814676006635
0.21790960165006773
0.31487055051894414
0.33184789830730077
0.45265306692038265
0.14977509146999746
0.3736480972951367
0.23235531009378887
0.36808006057427045
0.3522388990081492
0.41768875292369295
0.20953048535046123
0.29970643908849787
0.22776190289074466
0.3433215364459015
0.20241820856574036
0.3560042367095039
0.25519432393567903
0.22657190857543832
0.2584992214327767
0.25253430541072575
0.24737789951974437
0.513344653482948
0.23493708634660357
0.3533115777231398
0.26765555711019606
0.31909231107593294
0.2546347868407056
0.4356251424621968
0.1431033013477212
0.35066303415667444
0.2744251039500038
0.35550209489606677
0.37702873535454273
0.32873177776734036
0.28648363559373785
0.17859546206004562
0.28251091195713907
0.4276366042239325
0.245773179545289
0.5218539528903507
0.2726061143690631
0.21264618528740747
0.2862034695489066
0.25654852922473637
0.22191485496503965
0.3225356292511736
0.3329867468703361
0.2840794113775094
0.3626703509972209
0.27485548172678265
0.4063971358395758
0.3494313082524708
0.21690666777569623
0.36822305406842915
0.2336850268322797
0.23162423429035006
0.33727218042172136
0.36306196083092973
0.3706355545492399
0.3351321178710177
0.2867542902628581
0.24615836125754176
0.26681183305169853
0.24643485549659955
0.27938728247370037
0.24425274497341543
0.340029979745547
0.4791292665260179
0.28785516286180135
0.3970123121426219
0.34795482527642024
0.413460567238785
0.28837193941165296
0.3086851892017183
0.33834777683729217
0.3226438468056066
0.33317389161813826
0.3965339232236147
0.20109259425884202
0.34178646840155125
0.28919861944658415
0.4340955487319401
0.28396933809632346
0.42888250627688
0.2062167093335163
0.26005551573776065
0.40312166955499423
0.33507068925315425
0.2553683434213911
0.23789786866733006
0.34898778796195984
0.4718806183054334
0.31700993542160305
0.551932484088909
0.3222070121694179
0.31273842602968216
0.22500009018750416
0.2609867261988776
0.2655556063566889
0.4178979654042494
0.28011802920982953
0.4489382535573982
0.2322493191098883
0.28309273808484986
0.24172534101775714
0.3943604938685894
0.31464601556460065
0.28161346978907076
0.2660900886569704
0.248598780837797
0.2197107808398349
