18.947315034412203
12.698076566060385
8.715213253384544
5.781749055499122
4.153221357436407
3.3443915389832997
3.020549331392561
2.327092911515917
1.8131127130417597
1.6205875249136061
1.2845954781486875
1.127266260130065
0.8730920074241502
0.9364352070149922
0.8497472611211595
0.9007259967426459
0.7744968405791691
0.7625681637298494
0.7870475138936724
0.8099691576900936
0.6180956413348516
0.47531059100514367
0.5833536947057361
0.4963822570585069
0.5185055910121827
0.5171172576291221
0.4666221578206335
0.4359897538310006
0.3995702490210533
0.3890176397703943
0.44407769434508826
0.49409913023312885
0.2593941516464665
0.38307618704580126
0.48720888793468475
0.3235381126758598
0.3500501183526857
0.3621203423965545
0.37582007831051234
0.40363426435561406
0.3071251554148538
0.4732818107697226
0.38762534800029935
0.4168353197830064
0.4274700347866331
0.3180232943878287
0.29021625096599263
0.26436953752168585
0.38325568040211994
0.5310359565275056
0.24727280402467364
0.27835738605686594
0.5178802971329007
0.21743860042520932
0.3840621588308187
0.2669510639139584
0.41011885589077357
0.22565996504965283
0.24405239486978167
0.41228876635432243
0.3558272926048154
0.27334619703746976
0.30102797597646713
0.2199522147753409
0.3154715177203928
0.32528520180355935
0.2915799786292371
0.34110802074983004
0.34409092686006
0.3677932698102224
0.3101427804323889
0.280222701352267
0.2542877569794655
0.3419711437253725
0.3837197093026979
0.3477943404799416
0.24533824303320476
0.3011990475157897
0.20618662433255286
0.2552163043902034
0.23197131284645625
0.3296963568954241
0.39772396215370726
0.26483613722735927
0.18919370483074868
0.19147217140666076
0.1530193347661268
0.21997947760281109
0.22085207612031982
0.21175569384580567
0.2844372852927163
0.23336398229002953
0.2995371407430087
0.23900984032523065
0.28121999952764737
0.260426222213677
0.30422356733608813
0.2988433928361961
0.2789173085419905
0.24487438150459812
