22.0016755149478
16.516811143784295
10.660182010559808
6.635564622424898
4.472359384809222
3.7136930511111306
2.7233100703784396
2.107888888745081
1.7505158356257848
1.3544799529370808
1.038155877874011
0.7408369694437299
0.9659889730669203
0.8766535346706709
0.6163894548302605
0.47768270117895945
0.7875268310308456
0.5343250330714953
0.5489724468262422
0.4153293704702741
0.5618528234107154
0.4167405118544896
0.3490121368141401
0.7590098845816794
0.4072521169270788
0.3382950389669055
0.3395430447445029
0.3549725296241896
0.3822369597674835
0.4234296634261097
0.4047481846951303
0.39319474981831654
0.3727809696325234
0.26618533794369015
0.4015349229531629
0.28375077726585524
0.3158143659432729
0.3489581804190363
0.24526991854820931
0.4706545386995588
0.2723582119104408
0.24991605945286297
0.2825109527579376
0.4103243217493097
0.31968614645302296
0.3312016882534538
0.32803583420103505
0.34529525848726433
0.18507881906060947
0.4798852577805519
0.35151019958513124
0.40071014545503114
0.37841972291824366
0.23541484861856415
0.2358369075116657
0.33277538134938195
0.27642139739223887
0.35240606662063373
0.38972334040417556
0.3673440119517701
0.5140667687214556
0.47319534545143443
0.2060305287263223
0.38876696059569005
0.3114727281388782
0.33966605578150066
0.30715513761554447
0.2890747084858872
0.4846200357590403
0.39085527877545073
0.19323340111545154
0.336563026355136
0.14974691736556234
0.23134251506555648
0.32313849138362066
0.24945455736347608
0.3083552799764134
0.32041953486346064
0.2402971995373567
0.3791436365849915
0.32446891849949244
0.2900395570766358
0.22427395651383059
0.2503628409689381
0.22831601472128005
0.3161683233366126
0.2189619340712116
0.31773535321865765
0.2043469502102761
0.34145724099306834
0.29567477098178296
0.24142068571278028
0.4075428227051383
0.3370938415506056
0.34256798303907826
0.3195126905505146
0.2965654838120654
0.3536380336930354
0.19707884630631833
0.3750589237149273
