180.076111133282
170.3882167522724
157.3358142559345
133.27642880953275
114.04382111476018
95.68982197688176
79.3810812143179
73.05645605234
53.48491404606746
57.231431887700005
36.818255131061264
43.26151994558481
42.00987691145677
46.130035400390625
37.265466983501724
41.70417099732619
25.07177264873798
21.459346074324387
41.58866222088154
21.361922337458683
20.911116269918587
32.13748972232525
16.897601934579704
13.855421396402212
30.42857914704543
18.175148762189426
13.598012850834774
17.500505740825947
21.148335163409893
33.50299024581909
18.52041537945087
18.336235009706936
33.444336084219124
15.253838502443754
14.968945503234863
16.06384717501127
26.60576919408945
16.42085214761587
12.565638285416822
24.306940959050106
13.298886152414175
13.513294953566332
15.1466535788316
11.67433342566857
17.370355972876915
16.67952405489408
13.56345583842351
14.829934633695162
11.197289833655724
14.721851715674767
15.925861468681923
11.011797318091759
13.658108381124643
17.122323769789475
11.789014449486366
18.136416875399075
20.003337970146767
19.24239840874305
10.891805318685678
16.815890789031982
11.058918457764845
13.7324857711792
12.458357370816744
11.711886185866137
21.08298998612624
13.08145391024076
12.884088772993822
12.701226234436035
14.533790845137377
14.417757731217604
13.095276594161987
11.08802786240211
14.987012936518742
9.804919756375826
9.984197323138897
15.348029943612906
13.417949309715858
12.097639377300556
13.39759712952834
13.578312397003174
14.233904838562012
12.612436386255117
11.386311787825365
11.799691713773287
9.048600802054771
19.648006365849422
14.4442353615394
15.618250920222355
16.215907647059513
13.73955275462224
14.629931743328388
10.105169736422026
9.820020345541147
14.25615875537579
22.32252309872554
15.83965327189519
13.066262391897348
13.132011450254
14.69657120337853
13.659312101510855
9.706959430988018
12.5597418821775
11.692403683295616
13.64997359422537
11.104827917539156
17.442795790158787
13.802462357741137
14.675708458973812
14.825171287243183
14.954709639916054
11.293143565838154
14.469243508118849
12.998784633783194
13.891962638268105
13.768265394064096
11.077961774972769
13.189689452831562
11.318601479897133
14.34204314305232
8.712034775660587
15.69409164098593
15.326485890608568
12.161089933835543
15.170115544245792
11.840844521155724
16.129683586267326
10.27345763719999
13.042860948122465
13.020020118126503
11.638596901526817
13.311925411224365
13.673652942364033
14.30632550899799
14.442081268017109
10.595457773942213
14.970874309539795
9.77324656339792
19.315995143010067
9.8961477463062
10.32366653589102
13.616793375748854
9.928038707146278
12.746693904583271
10.407114890905527
12.52841986142672
12.118447303771973
12.887405028709999
12.091779562143179
12.300936662233793
12.697557064203115
12.234661359053392
16.012677669525146
12.287521123886108
11.147654441686777
14.720037386967586
11.54172890002911
9.729078402886024
7.636401469890888
11.995479143582857
11.78358873954186
19.187630433302658
14.769790209256685
11.427659584925724
12.432184476118822
13.6474138039809
14.93118506211501
10.984105018469004
17.487379257495586
15.391782503861647
10.087131940401518
16.17029780607957
10.411077352670523
13.385754035069393
15.126877124492939
13.612683002765362
19.063147471501278
20.253707042107216
10.95782103905311
12.346312779646654
15.579558317477886
10.273919802445631
12.690439884479229
12.58313380754911
29.3984207373399
14.190587593958927
9.125551480513353
15.977782469529371
12.600770033322847
13.511894996349628
11.629389726198637
18.50665701352633
15.830482519589937
13.281312960844774
13.450118358318623
15.850751363314115
12.747697096604567
20.20674291023841
13.578389938061054
10.854975883777325
11.925540043757511
12.300633613879864
11.763711122366098
16.296254891615646
14.454306492438683
12.383040244762714
14.535805812248817
12.266054666959322
10.07604116659898
27.862728393994846
8.978731907331026
10.917533067556528
16.333364266615646
13.453720037753765
12.714634776115417
12.210402708787184
14.181570236499493
13.834497745220478
12.77965784072876
14.325585475334755
11.165775078993578
13.559643818781925
13.541937828063965
14.835607418647179
9.778070853306698
14.142231134267954
21.57145698253925
10.201803830953745
13.355756686283993
9.205688439882719
17.758925841404842
11.304597597855787
12.765574858738827
10.902491019322323
13.327454787034254
15.836540955763597
15.092090313251202
13.874892821678749
13.098561745423536
14.116870770087608
11.519113540649414
13.478226991800161
11.832492204812857
11.121812673715445
16.622236847877502
20.984927012370182
10.228037614088793
10.956439568446232
13.188268404740553
13.18744633747981
12.317005304189829
12.116012940040001
13.048935853517973
13.066709114955021
9.746447709890512
10.941839474898119
15.86024962938749
15.10137205857497
13.320585067455585
16.11342877608079
13.683648622952974
13.054115808927095
12.990211120018593
10.306658066236055
18.689563201023983
12.181101688971886
13.156413445105919
10.129221219282885
12.557178644033579
9.677034598130446
9.903242111206055
13.38060606442965
12.353007518328154
13.583636393913856
12.616942515740028
11.815910265995907
13.994907049032358
12.182663844181942
12.41795536187979
20.51284595636221
16.435416258298435
13.990396279555101
14.55304424579327
18.456701572124775
12.040780287522535
10.886056569906382
14.24046697983375
15.937606848203218
16.90070133942824
16.645209055680496
12.015865582686205
12.076674461364746
19.132393396817722
17.80551914068369
11.77761672093318
13.878485973064716
7.631380328765283
17.35381053044246
11.070642214555006
9.888365085308369
13.656995333158052
