20.45074835277739
15.205917585463752
10.482752005259195
6.576580706096831
4.913439869880676
3.270346000081017
2.4872421948682693
1.964760340395428
1.4653321022079104
1.3445940471830822
1.1517101437562989
0.7860607022330874
0.7517212416444506
0.7740897965573129
0.6677895912102291
0.5891229212284088
0.6386514518942151
0.49005669071560815
0.5218510656129747
0.40269577964430764
0.5569202662223861
0.5203631720727399
0.28699976489657447
0.34261071708585533
0.34616653408323017
0.42414428542057675
0.40432918905502274
0.3464287771355538
0.5427522836696534
0.30801618773312794
0.43716705377612797
0.3746616973408631
0.3395491224669275
0.4253178426907176
0.35016416997781824
0.4467651904338882
0.4694410342545736
0.43242479328598293
0.5613585793901057
0.30073289590932073
0.29944122369800297
0.4217212617042519
0.3669727685905638
0.4033147990703583
0.3012282404871214
0.4185777785522597
0.31353406537146794
0.42204483492033823
0.545601816049644
0.281485127551215
0.3959974011495
0.31881689298011007
0.3764580051813807
0.2523079180114326
0.3893256269040562
0.3932983201174509
0.3022214218619324
0.2717654809710525
0.31788429334050133
0.2883366456344014
0.4236671379989102
0.41836897133006934
0.3369896269979931
0.2390721711285767
0.2562019135802984
0.35019806311244056
0.3295715962137495
0.35874410151016145
0.29920288051168126
0.3021390276650588
0.48795748750368756
0.38456216862513903
0.3827602949348234
0.29533387614148005
0.4423821648316724
0.38992020257172133
0.3910152752484594
0.42755186061064404
0.43045366342578617
0.3398507387332973
0.3084444561529727
0.2954276058645475
0.30663017006147475
0.2531330503878139
0.3334526503015132
0.3772698072273107
0.39230115339159966
0.3972212773348604
0.5372779836789483
0.38559218988354715
0.2913832561600776
0.39403235344659715
0.3315355746696393
0.26689221568050836
0.46980925126089934
0.3029964701937778
0.2782753674047334
0.5611904126902422
0.24668621378285543
0.29313588408487185
0.35400018255625454
0.2644502611919528
0.25586444946626824
0.27807873771304176
0.2587460149079561
0.4663336328452542
0.3452072274826822
0.2845978234850225
0.2946454362855071
0.3729367394532476
0.37337065026873634
0.4871636728889176
0.3459498247220403
0.31269119023567155
0.4060551492231233
0.2868945813249974
0.42134663959344226
0.3399535350146748
0.3915126270481518
0.2932182339330514
0.29162512790589107
0.4305602088127108
0.22599599687826066
0.49253974713030313
0.4171448951320989
0.2962324500438713
0.3800214986715998
0.27367347780437695
0.287266235266413
0.24049368722453004
0.39066284380498384
0.386301440852029
0.3658671946752639
0.2746549209668523
0.2700593842282182
0.4011619204566592
0.3824453730845735
0.2643908397072837
0.3581009767949581
0.4312997604055064
0.3834073927608274
0.2796261268002646
0.20781006974478564
0.30248983009230523
0.5003905151748941
0.2836521839989083
0.46603678982882274
0.33759260709796635
0.3136562523210332
0.30879219621419907
0.29766092804216204
0.44000146431582315
0.4172514719622476
0.3315307479351759
0.41886578775232747
0.330129089277415
0.2529644092456216
0.33278903187740416
0.15899307653307915
0.31688112180147854
0.284158750304154
0.38921661604018437
0.29215927626050653
0.30496723346766974
0.39251277746544
0.3868716937445459
0.28070883115842227
0.2770405794892992
0.3444068163988136
0.26705298022854895
0.2906277814791316
0.2496261675620363
0.35210289167506353
0.3963437836085047
0.2775645366027242
0.46721186648522106
0.3592022277769588
0.5490101228157679
0.380206080951861
0.3184038443224771
0.4388398098803702
0.4794023061792056
0.29374057870535625
0.43271067338286057
0.4957028299215294
0.34596263688235057
0.28951771051755976
0.45000395657760756
0.20270040294244177
0.37925071224925067
0.3073526459435622
0.44724654086998533
0.4472607656248978
0.6138147498880114
0.4629871149857839
0.5696699959891183
0.300043907992187
0.34964026049489066
0.2852079754783994
0.307173239333289
0.2319597601890564
0.3066978933555739
0.2454238615575291
0.30288365341368173
0.4026170266526086
0.3423792903444597
0.26183572553452994
0.3213564450187342
0.345217360272294
0.4091339207564791
0.32454976953920867
0.26418752329690115
0.4615600650154409
0.3102326158966337
0.322370391871248
0.2946151074554239
0.27869958332961514
0.34628578435097424
0.32233328460937455
0.2784281458173479
0.31026699234332356
0.5054987551023563
0.43216347401695593
0.4229775330140477
0.39127197072264697
0.249519232660532
0.3324098239342372
0.5381736384616012
0.2645112006437211
0.32298975136308444
0.4246213131007694
0.29218907334974836
0.3628050692024685
0.2684521505697852
0.26160834587755655
0.2618675503347601
0.3381134933304219
0.3907057405671194
0.40719059978922206
0.298817490005777
0.3376485114651067
0.3363275318628266
0.2414771472769124
0.3500520769684088
0.39664937946058454
0.38474573762643904
0.25834491072843474
0.29283251453723225
0.35593681285778683
0.4432961303918135
0.2228174050826402
0.36040885994831723
0.4778609020369394
0.24417003918261754
0.34231910411091077
0.46808809875732377
0.414529074249523
0.30167149246803354
0.39973742089101244
0.2821285678517251
0.4235881604254246
0.6273557868387017
0.2848818582438287
0.292908916870753
0.24667490060840333
0.5710509146253268
0.3877336836996533
0.3812075235126984
0.29941053315997124
0.34718874753231094
0.3277224323579243
0.2579281353169963
0.3542498641957839
0.344567970150993
0.3696036282926798
0.3540126461358297
0.3268173982699712
0.30150562719929785
0.2822581040007727
0.2907085438214597
0.4912137866374992
0.25508457475474905
0.2791273554875737
0.30721565513383775
0.44282210937568117
0.3553584014021215
0.4086860606358165
0.460232950037434
0.3001317128184296
0.4377088589327676
0.3384541308596021
0.4537391089612529
0.28223517004932674
0.374045145653543
0.279009054991461
0.24063643201121263
0.29167364360321135
0.3939925672575122
0.24152055994740554
0.24900336661154315
