20.41361786070324
14.239047686258951
8.932606946854364
6.180568240937733
4.886271039644877
4.136424978574117
3.7131763980502175
2.584779977798462
2.745169297570274
1.8167572021484375
1.6445854490711576
1.3306983340354193
1.1103514674164
1.1522914618253708
0.8958200315634409
0.8477469782034556
0.8183381401357197
0.6653178838037309
1.0937864964916593
0.9458273947238922
0.5691531499226888
0.5294852093571708
0.5518526193641481
0.528982169571377
0.39698216336823644
0.4938915591864359
0.5136169397405216
0.3069424735648291
0.40408903058795703
0.5890058999260267
0.37109247949861346
0.3730710060113952
0.5664993670015108
0.30264709641536075
0.2785236548100199
0.43776142597198486
0.476508576245535
0.4883432288964589
0.4180964793832529
0.352194858448846
0.45955557606759523
0.3360628000504914
0.31122576622735887
0.3099841136662733
0.3661674115629423
0.2417393285071566
0.29131613121855826
0.3427405517016138
0.38672140010056044
0.37675434936370167
0.3276294359848613
0.29589387588202953
0.3967589961276168
0.3336249494126865
0.2834815074290548
0.32053410829532714
0.28614114384566036
0.3144584484398365
0.3418445790718709
0.285276332692731
0.19282609925028824
0.4474953324312255
0.32052077672311236
0.3783692070061252
0.2922790831043607
0.3167426458426884
0.29041538915286463
0.28793934377886
0.14332036802633888
0.41180088991920155
0.3125484040273087
0.2904451797228484
0.3113800138235092
0.4013906667629878
0.20505014895683243
0.376274029857346
0.242784807015033
0.2901580011738198
0.3728296726587273
0.41771918242531164
0.29184784686991144
0.3497336808414686
0.3654099236286822
0.26562964596918653
0.2618155779228324
0.35621114633977413
0.3344778446924119
0.2889079259087642
0.19779913269338154
0.3964993416198662
0.3702781017692316
0.31200258682171506
0.22017592652922585
0.3469324614852667
0.3477869457786992
0.32979704723471687
0.3871547787317208
0.39051245738353046
0.22581546802428507
0.3321291814957346
0.2802311880070539
0.24044173539039634
0.40409232826814767
0.38692330773032846
0.2719007787250337
0.26133401776176124
0.24620929741788478
0.3472621565063794
0.34548755628722055
0.24823529752237455
0.32496901637031916
0.2192284248414494
0.2664054415765263
0.28703714800732477
0.35386292529957636
0.24819297600714935
0.19152780746420225
0.2964290423052652
0.2515395326273782
0.45396224604476065
0.2555983415139573
0.36308316620332853
0.17802089550310657
0.15989970273914791
0.2620442220497699
0.24169841142637388
0.1631793331887041
0.2946712908645471
0.2903464477331865
0.29236104614323094
0.3143158496490547
0.2622992712117377
0.4374983071216515
0.26649276947691325
0.2135185513290621
0.22497483733154477
0.26129738915534245
0.24950342536682174
0.30037492841836955
0.28785561362192746
0.22310662220808722
0.34036366189164774
0.22824499179564772
0.39682064666634514
0.28417768107638475
0.3317810838066396
0.27530678024604205
0.32058221633945194
0.20108447454514958
0.1408466894534372
0.44625013179722284
0.2402537591045811
0.16857986506961642
0.1971753222335662
0.3542013286302487
0.20836143319805464
0.42478751568567186
0.28715645388833116
0.4033422902936027
0.20256445006955237
0.40189869985693977
0.291825654960814
0.23721628157155855
0.32256600216385867
0.26273527679344016
0.22363336472993806
0.39967667027598336
0.35199141826125835
0.26302650925659
0.3036695002977337
0.2597475192021756
0.3074851566482158
0.19139855851729712
0.3200013924922262
0.2625213038353693
0.24979421070643834
0.3041716433529343
0.29771452335019905
0.2719076868324053
0.2334122828961838
0.20724184642590227
0.33522457469786915
0.3344861084506625
0.31995543615803834
0.37627759726629373
0.1296219855014767
0.27913686437975793
0.17154931454431444
0.3620948704580466
0.21539603413215705
0.3177136931390989
0.34569730627394857
0.358153650714528
0.31050837643089746
0.2989261376538447
0.20480908551031635
0.3051534440545809
0.4411709164934499
0.2688100900323618
0.30748687294267474
0.18808339394274212
0.35162822547413053
0.21288003932152474
0.31812617812483085
0.2824837641701812
0.4176792085525535
0.29540756557668957
0.3452090640507993
0.23805385065220652
0.19487191417387553
0.3476253494265534
0.31649113437604337
0.313835652899884
0.3013432166494784
0.2797135105800061
0.29339000516171965
0.2900301073456094
0.3454187668505169
0.4474712353909299
0.2723147267741816
0.2671622423721211
0.22591261295158238
0.5244070254266262
0.3162555850687481
0.3454412186429614
0.2543273734904471
0.3563649727120286
0.22361982046138673
0.2512866523826406
0.3037510384761152
0.15383315600809597
0.3370958658910933
0.3461753385407584
0.32437197535875295
0.29206016571039245
0.20108903979971296
0.2516259458802995
0.24981597970638955
0.20250288543424436
0.2264372482895851
0.14450550221261524
0.3582193771643298
0.3352616033738568
0.27609595301605405
0.18788044349778266
0.2778060948919682
0.3135017698541993
0.2966105987628301
0.22937967255711555
0.27786010202197803
0.42726639711431097
0.29289992206862997
0.2746576193187918
0.3585727448974337
0.1695534891138474
0.21982568050069468
0.2990188527674902
0.33368426987103056
0.2421995514028129
0.31688014936766457
0.27041194162198473
0.3479775545142946
0.25603997920240673
0.2058067557712396
0.26403698028020917
0.25720868153231485
0.3233410320466473
0.27813568569365
0.36025127058937434
0.36290009044820354
0.32450891024477424
0.31588454580023173
0.26538691119778723
0.23038776431764876
0.35823273765189306
0.20805891709668295
0.20953610841007458
0.3448342319045748
0.23189851251386462
0.26982442129935535
0.25715529173612595
0.19263225678531898
0.3089721655207021
0.34354239737703685
0.34397355892828535
0.3414909408560821
0.23615561115245023
0.3412685710049811
0.35294066174399286
0.25613133751210715
0.28682150567571324
0.3041926235670135
0.23729261206019492
0.3408782934503896
0.3120480543445973
0.15842317470482417
0.29885337146974744
0.20711977921781086
0.3238175759712855
0.25736753003937857
