8.41669557311318
1.4814452285116368
0.7434482452544299
0.7787676616148516
0.6479085250334307
0.6138027134266767
0.40658300708640704
0.34726558354767884
0.2837025767022913
0.31092784621498804
0.37583736127073114
0.18910642645575784
0.21340715817429803
0.19264815747737885
0.19432686574079774
0.1559030765836889
0.15968272428620944
0.17668668180704117
0.17239232632246884
0.13077719441869043
0.15739488466219467
0.12566402012651617
0.10046523436903954
0.1586455259133469
0.15295293385332281
0.15916353464126587
0.15435428511012683
0.1281743814999407
0.11618377098982985
0.1489729762754657
0.11121573095971887
0.08898966082117775
0.12162564017555931
0.10467576472596689
0.12067568708549846
0.10834868015213446
0.1346097903495485
0.10696684196591377
0.09106409481980583
0.11001175743612376
0.12089151787486943
0.12134021859277379
0.11136879501017657
0.1139179573140361
0.12049561264840039
0.12142531133510849
0.11700400913303549
0.1079152724282308
0.1398144926537167
0.10665843432599847
0.08305937424302101
0.10875735431909561
0.11145825209942731
0.09904835982756181
0.13668194751847873
0.11440756036476656
0.11430208655920895
0.09414367174560373
0.09025337106802246
0.09397413971071894
0.08889951827851209
0.09435646540739319
0.10812322930856184
0.10511963340369138
0.10749531842090866
0.09682398323308337
0.10057803751392798
0.09857715835625475
0.07231209698048505
0.08230435103178024
0.09550849483771758
0.11416352099993012
0.09050697799433362
0.11216750944202597
0.09444196725433524
0.10151736506006935
0.09228521873327819
0.07843193885954944
0.09694075584411621
0.09552213820544156
0.093877182088115
0.09281384538520467
0.08742102980613708
0.08491026745601134
0.09279271215200424
0.12253922020847147
0.09381934864954515
0.10141993280161511
0.09346500140699474
0.09072579849850047
0.09231560203162106
0.08072028681635857
0.10132980278947136
0.09937570904466239
0.06990748796273362
0.08766758983785455
0.11015896702354605
0.0937998088246042
0.10034692964770577
0.11552666906606067
0.09138783439993858
0.11369952898133885
0.10564800030128522
0.09919254820455205
0.11076450618830594
0.09805463830178435
0.09975161200219934
0.08275840736248276
0.09944165023890408
0.08980753814632242
0.0993700430474498
0.11985807527195323
0.09297493337230249
0.11314554377035661
0.08867528848350048
0.09779991582036018
0.10210852528160269
0.09803756461902098
0.07932092249393463
0.09588733789595691
0.11221231520175934
0.08921396901661699
0.09460481120781465
0.11720611696893518
0.09582917053591121
0.10308522290804169
0.09675683284347708
0.09892743724313649
0.09324906901879744
0.10479715737429532
0.1040248427201401
0.09616857970302756
0.09130129251967777
0.0861251787705855
0.0959348709068515
0.10394702648574655
0.1096234077757055
0.09658254005692223
0.08222955499183048
0.08997905559160492
0.10426162013953383
0.127121874215928
0.1290719803761352
0.12047013843601401
0.1016020073809407
0.11137654530731114
0.08559073677117174
0.11630539697679607
0.08162020959637382
0.0949477915736762
0.09588039632547986
0.09341431138190356
0.0876947133378549
0.08447593924674121
0.11448341743512587
0.1174238540909507
0.08668330210176381
0.11630920015952805
0.09746318683028221
0.08895539238371632
0.09114597974853082
0.09097256951711395
0.09545881978490135
0.11635392565618861
0.09098038246685808
0.09873085909269073
0.09665031358599663
0.0891413614153862
0.10540575534105301
0.08807619965889237
0.08133338357914578
0.11372414807027037
0.10672291977839037
0.100946344435215
0.09899254177104343
0.07156240533698689
0.1203811639411883
0.08321846208789131
0.09798295050859451
0.08203952420841563
0.10407862304286523
0.1045545410703529
0.0888564833863215
0.10994558137926189
0.08252089064229619
0.09165396033362909
0.09547526761889458
0.08479692312804135
0.07659161768176338
0.0961187407374382
0.08617331900379875
0.09586095132611015
0.08796959268775853
0.10065919465639374
0.08753514831716364
0.1217073222452944
0.08516346663236618
0.11059309948574413
0.09374841031703082
0.09479563039812175
0.09727589413523674
0.09565780515020544
0.07076094502752478
0.09320257367058234
0.09780810536308722
0.08678002824837511
0.10547473654150963
0.08439242839813232
0.082339404320175
0.0858568511903286
0.09992956979708238
0.10737355561418967
0.09906721386042508
0.10814607414332303
0.10672408139163797
0.09199528802524913
0.10259968448768962
0.11022570661523125
0.10615905238823457
0.10213483463634145
0.10045427422631871
0.0879155427894809
0.09471180560913953
0.08491281521591273
0.06527189808813008
0.10618908703327179
0.10023090717467395
0.10735597427595746
0.06842833215540106
0.07945267381993207
0.10843866555528207
0.11182920228351247
0.0951225303790786
0.09881088713353331
0.10032796588811008
0.10707287354902788
0.10494896092198112
0.0966093276034702
0.09332093968987465
0.10526228018782356
0.09422476928342473
0.12403640963814476
0.07567128623751077
0.10559735176238147
0.10002868487076326
0.10983784462917935
0.06669561310925266
0.1067325808107853
0.11895202168009499
0.11285567757758228
0.10432593727653677
0.086800621653145
0.09400348466905681
0.09847326813773676
0.09604494680057872
0.06865133649923584
0.11354717442935164
0.08916064927523787
0.09792356260798195
0.09293838658116081
0.10080667652867058
0.08480978553945367
0.10235787555575371
0.09812642532316121
0.10618550364266742
0.09170717204158957
0.09158392030407082
0.10765273530374873
0.11838180131532929
0.10047431324015964
0.08799864284016869
0.11014744673262943
0.09965480457652699
0.1180425848473202
0.09595829451625998
0.1195830072868954
0.08973057974468578
0.10100692104209553
0.09697793288664384
0.08177282254804265
0.11748717860742049
0.08740813420577483
0.11025958508253098
0.10466541383754123
0.09495303068648685
0.10093742507425221
0.10415047728879885
0.0859584893015298
0.1020580760457299
0.08356071297417987
0.09355642849748785
0.11021541871807793
0.08617152104323561
0.10632324794476683
0.10407930409366434
0.10841655324805867
0.09456072679974815
0.095633115619421
0.09955039755864577
0.10399570807137272
