20.522887048267183
14.902087892804827
9.95589432262239
6.652970665977115
4.301828906649635
3.33591281800043
2.539527314049857
2.0033386037463234
1.6738599105959846
1.1670643701439811
0.869240362019766
0.9654061304671424
0.7288175833721956
0.7610968848069509
0.6091586252053579
0.7049468723790986
0.5192755006608509
0.6007749133166813
0.48034224872078213
0.5301032016674677
0.3601807199773334
0.4967641784321694
0.37538638569059823
0.5344825965308008
0.5384924152777308
0.5227798929526692
0.42211886601788656
0.307546167856171
0.4344605454021976
0.30795871430919286
0.23761877311127527
0.39966250778663726
0.3031187336004916
0.404609420469829
0.506150412772383
0.4098346165957905
0.41701935870306833
0.3985441958620435
0.36791313013860155
0.33641257066102254
0.39288403111554326
0.35813858661623227
0.21847164914721534
0.4675591112602325
0.47498761330332073
0.42882620436804636
0.3797830684287917
0.3324117825499603
0.2871872193756558
0.3873290204930873
0.25143283871667726
0.32120788523129057
0.36281893863564446
0.37645839119241353
0.2628607192919368
0.30329030557047754
0.49515438150791896
0.29076243183087735
0.29753041622184573
0.4275699658762841
0.40952911298899425
0.3864561031971659
0.4408189763448068
0.45207831511894864
0.39081402619679767
0.37069702716100783
0.40249443905694143
0.34600064025393557
0.4655782569731985
0.46079249768739655
0.3310207614586467
0.2108165274063746
0.26532855115476106
0.26859287740219207
0.3616880203286807
0.29507130278008326
0.4446203719292368
0.2721259950527123
0.3055745134396212
0.4033854702221496
0.3928068209262121
0.3666977923186052
0.4061107614210674
0.34531615887369427
0.30213601674352375
0.5616762081072444
0.2673494464584759
0.2823981275515897
0.35983792940775555
0.3910690022721177
0.43964495155073346
0.23864156131943068
0.45985724315756843
0.38093352335549535
0.35672793359983535
0.44416181388355436
0.26165495564540225
0.27061976873803706
0.3751033888686271
0.24454657662482487
0.20945018334757715
0.3605337345174381
0.2629725487814063
0.3101193289316836
0.36686437186740695
0.2919748154069696
0.27794542961886953
0.61173233336636
0.3629717601551896
0.2822086285090163
0.6884017224822726
0.37992386608606293
0.350475840891401
0.42003468991745085
0.37870136169450624
0.2510552039103849
0.4300573083261649
0.4569347891291337
0.33979494213348344
0.38617806633313495
0.4905823548989637
0.3264687749601546
0.5239284866090331
0.24476431434353194
0.3530651992630391
0.39900948630557176
0.3646043812235196
0.29424287822274936
0.3164340610660258
0.36281039760935874
0.30112599954009056
0.34272570145272074
0.26866520453421844
0.34296102200945217
0.29995836894072236
0.39399228440154166
0.4213216920338926
0.39210369526630356
0.4655898871521155
0.17047694946328798
0.6034563902233329
0.3632621218760808
0.36953151873534634
0.27125095079342526
0.23531764195788474
0.2514832889040311
0.3693835036385627
0.31343594122500645
0.3817630727731046
0.3622662746125743
0.3000865960050197
0.3482950576359317
0.3675644997329939
0.3684195606481461
0.19900871289982683
0.399805056729487
0.33887181892281487
0.361975947838454
0.30706591584852766
0.3080402671226433
0.38462637222948526
0.4421053809069452
0.3480496523635728
0.44412913794318837
0.4781345065150942
0.4152204717199008
0.3508561858463855
0.29049325211062316
0.28150814301556065
0.27177799661599455
0.28723189376649405
0.2691260918620087
0.4442264304629394
0.42990230369780746
0.35137115809179487
0.4139394742392358
0.32642516848586856
0.32588774906027884
0.4653071752261548
0.32270251613642487
0.2818485033654031
0.33800195946934675
0.4074254200926849
0.39036662397640093
0.2585793405416466
0.3433437625478421
0.3868889295983882
0.24656793368714197
0.4467749052814075
0.2738588766327926
0.3905896073473351
0.35888415042843136
0.4994931128763017
0.39779439107293174
0.3802983055689505
0.3064834975770542
0.36133911017151105
0.4272441913684209
0.3980364308115982
0.3669831424596764
0.3528387136757374
0.5409122804800669
0.388433871169885
0.3482482995660532
0.3756345721582572
0.49140216942344395
0.4386390122984137
0.18391953515154974
0.3585966009469259
0.20514972348298346
0.515899698649134
0.17911241540596598
0.2169191636854694
0.42502882118735996
0.31875153311661314
0.2849862625201543
0.2883068525365421
0.2687252795412427
0.30748494909632773
0.35675237611645744
0.3390975321332614
0.3259255286483538
0.4271977545604819
0.32464969867751714
0.5185867760862622
0.4496247112041428
0.4184492551499889
0.3665714773039023
0.4248903152488527
0.19620651113135473
0.3615865980585416
0.37592872977256775
0.32359019187944277
0.1889228776452087
0.28472395791184335
0.3159863305765958
0.3090062020790009
0.2795744247379757
0.3622927302051158
0.40337388607717695
0.37346912175416946
0.36807207621279214
0.29726745862336384
0.304335995976414
0.5120518553469863
0.32136296658288865
0.3430763438920535
0.3811603443076213
0.26498706115498427
0.24389160193857692
0.3564433494494075
0.49624528132733847
0.49211661375704263
0.2906898070304167
0.3625877194461368
0.30490360497718766
0.3433908217010044
0.3627725500790846
0.3249736359076841
0.38443562760949135
0.38559252280919326
0.4393828172414076
0.4473401070350692
0.30392285613786607
0.3683686390341747
0.2571349587468874
0.34353658131190706
0.4196457824714127
0.35128598669100375
0.3248997295186633
0.38857459862317356
0.24694194170158534
0.23956383418823993
0.2369534813222431
0.3381253621053128
0.34066656125443323
0.2269258029049351
0.3249972363313039
0.24168251277435393
0.27591795704904054
0.26698016854269163
0.3771108470502354
0.3519238002953075
0.2787236908362025
0.2994205041655472
0.23883707147269023
0.23827465304306575
0.494999555959588
0.4038842976802871
0.36907234805680456
0.2763210652129991
0.2500740043109372
0.33137746350396247
0.32866350774254116
0.43670986876601264
0.39044484513856115
0.35893014978085247
0.3130015897608939
0.302548905923253
0.2682376078196934
