20.64748714083717
16.08922563280378
11.842295737493606
8.501799515315465
6.105706532796224
4.685881240027292
3.465002951167879
2.291003106605439
1.7856099506219227
1.3425654910859608
1.1072910250652404
0.9610047680991036
0.8564797398589906
0.7183705625079927
0.7753439751409349
0.7834115418649855
0.610433469925608
0.6208207617912974
0.618292021609488
0.6946970479828971
0.5017847386854035
0.47612890743073966
0.49375599072802634
0.5492816239240623
0.5096291452646255
0.5141470659346807
0.41847208035843714
0.43943111279181074
0.5103215454589753
0.5137504992030916
0.4414007493427822
0.36111336662655785
0.3586354621109508
0.2570824371207328
0.364061849457877
0.34909298590251375
0.4421876807297979
0.4020261551652636
0.3684278283977792
0.38458564700115294
0.40266265755607966
0.5336710796469734
0.4944476829398246
0.49591674762112753
0.4141690441895099
0.2538073754736355
0.48826534159126733
0.31382762392361957
0.501066306339843
0.33183522806281135
0.37670923414684476
0.3101898064570768
0.45783562319619314
0.5063947804626965
0.34748061427048277
0.33358432281584965
0.25306449482394827
0.49008965917996
0.3936168288900739
0.31086464190766927
0.3530122890536274
0.4980409643834546
0.5276748800561541
0.4495131107313292
0.4655067640401068
0.48778826530490604
0.3287049535484541
0.29440560316046077
0.2918617974611975
0.3383154163048381
0.3000210246869496
0.410499265506154
0.4986832860325064
0.4048075416967982
0.37111536377952214
0.4030389718356587
0.49574621997418855
0.40589496422381627
0.3981961105905828
0.5949485672726518
0.37038946825833546
0.2963041125663689
0.28905710045780453
0.3467089438012668
0.2741275475848289
0.5492051762661764
0.49260153461779865
0.32827179843471166
0.35963494188728784
0.299272298990261
0.369518684844176
0.22755943416129976
0.35237342722359155
0.2868877649307251
0.44079435403857914
0.4440501875111035
0.5015740964029517
0.35953171001303763
0.34586272956359954
0.3262639239075638
0.5698715082946277
0.30053902310984476
0.47681405430748347
0.3694877507431166
0.23384065571285428
0.4987692531375658
0.34819571106206804
0.2723927827818053
0.3178525483679204
0.26930468600420726
0.3874819129705429
0.29708028132362024
0.34776869345278966
0.42576179777582485
0.444774448516823
0.381666610283511
0.32183479375782464
0.2819687704600039
0.3856061141760576
0.36063869545857113
0.4036461114883423
0.29284599600803285
0.313539874872991
0.3240141586533615
0.3500379416204634
0.3242488031586011
0.24864197540141286
0.3436182297411419
0.25900696874374435
0.45755998896700995
0.37291657321509863
0.3655544849378722
0.43871727408397765
0.3182277576554389
0.3345846374120031
0.36676073464609327
0.33686937923942295
0.4272831685486294
0.3450285201626165
0.3206764530567896
0.4206302857824734
0.4242297581263951
0.25574416977663833
0.30660835422930266
0.5028523731799353
0.39133751889069873
0.39022204457294374
0.3141431746383508
0.3886221434388842
0.4035868931206919
0.28427426765362424
0.3635590040967578
0.426309520644801
0.2636352702975273
0.3051046726426908
0.3419154602147284
0.38805400402772994
0.4219095405368578
0.4248952122316474
0.4807239895952599
0.2971712226668994
0.37643379984157427
0.3891631726707731
0.4367468511419637
0.38846248920474735
0.38812386492888135
0.3067026481564556
0.4117523536440872
0.5199623554944992
0.36644928334724336
0.30180679492297624
0.37867839598939534
0.43336645300899235
0.4283705900112788
0.31776317457358044
0.2347693033516407
0.3334452822094872
0.28511490176121396
0.3439403155020305
0.4095375213239874
0.45875730578388485
0.4044320838791983
0.27719205617904663
0.36445871953453335
0.355837192208994
0.28692969537916635
0.4786298055024374
0.3352412109573682
0.4067008431468691
0.3912858668537367
0.44332083208220346
0.6487220823764801
0.2692911192065194
0.5651365082178798
0.4110111294402963
0.40467054095296634
0.25328860343212173
0.31439969688653946
0.3641377201392537
0.22782186560687565
0.2271171235257671
0.2911754644342831
0.396769846479098
0.2553599877726464
0.3835839340019794
0.4152920554791178
0.363090177377065
0.38448276228847955
0.3288309449950854
0.3741437356386866
0.36795747759086744
0.3177863483627637
0.3389624868120466
0.38716110516162144
0.3943752096522422
0.30497652097117334
0.44784230472786085
0.3802328510653405
0.2511569247359321
0.3566785098186561
0.5324272034423692
0.40024703102452414
0.41262600216127576
0.37326070604225
0.5487165816483044
0.31641909444615957
0.45979453978084384
0.38897654307740076
0.3099203212630181
0.5587576398892062
0.28630864762124564
0.283806259788218
0.3930412417366391
0.5018521432010901
0.6861544281599068
0.46310279376450036
0.3232192148764928
0.2963807366433598
0.3416993763475191
0.34826290217183886
0.36823255302650587
0.351274664912905
0.4232462580714907
0.4069263502245858
0.3181417928565116
0.30557556193144547
0.3291024662376869
0.4339495531859852
0.36165223980233785
0.36705747353179113
0.39555891718538033
0.7325870565005711
0.2733732075208709
0.3637628251952784
0.4003064525978906
0.35902254922049387
0.48797559702680227
0.414596173734892
0.40635446104265394
0.419267828975405
0.4076505143727575
0.3947148699136007
0.2729932827254136
0.2961927412876061
0.3843069335534459
0.2945143842980975
0.3262845201506501
0.3120913284697703
0.36343468193496975
0.3380941134833154
0.47826669595780824
0.34481579739423024
0.39028137567497434
0.31605358812071027
0.2922554331875983
0.3880838634712355
0.27011912493478685
0.3958152947681291
0.3857576971252759
0.3160569767157237
0.6096490511582011
0.4532542521400111
0.3209749357331367
0.42887961039585726
0.43702271580696106
0.3786153395970662
0.29589506380614783
0.5456592749272074
0.35749281605794314
0.46815019597609836
0.3663130597699256
0.3675622954255059
0.3226067842472167
0.4085447389100279
0.39027278036588714
0.3929528533702805
0.35380278190686587
0.311515521080721
0.23652354237579165
0.2848713348309199
