20.50706195831299
15.781908761887323
11.882253033774239
8.678429217565627
6.289787616048541
4.452174436478388
3.537873148918152
2.4061134315672374
1.647324840227763
1.4118848542372386
1.2463065847044899
0.9149475445350012
0.730892151594162
0.8652855377821695
0.7022686203320821
0.7099893674963996
0.5363389196850005
0.5807147806599027
0.5626812612726575
0.5226918494417554
0.5384998420874277
0.5080495380929538
0.44131068814368474
0.5655234179326466
0.4140579342132523
0.3887975361375582
0.5268200508185795
0.4384659904809225
0.6136015784882364
0.46590245905376615
0.4608499790940966
0.5682761947668734
0.5240082410829408
0.31543770822740735
0.3900026602759248
0.32707150590916473
0.4637186805761996
0.3663065273846899
0.34731397848753703
0.2980936602467582
0.26158218706647557
0.4929370903188274
0.46122952266818
0.36850487050556
0.3650703043455169
0.34030091514190036
0.437660707959107
0.3146703264542988
0.38982710774455753
0.2845104184179079
0.34437026686611627
0.32803098892881755
0.4183162514652525
0.2905150666123345
0.474150891105334
0.2565977410191581
0.4509907190998395
0.36966171275292126
0.3049203668321882
0.39290037378668785
0.4042945841238612
0.4058076107785815
0.34922078535670326
0.2599696648262796
0.36682662545215516
0.3888547771743366
0.2723957181331657
0.24283533809440477
0.34521373733878136
0.32940719099271865
0.3331572351356347
0.2945084162056446
0.42547514254138585
0.22474032622717677
0.45047417957158314
0.4490859128889583
0.4590879487139838
0.5216019142951284
0.3454731555566901
0.3914819991304761
0.34487200280030567
0.45996641740202904
0.433901027909347
0.4548337690177418
0.32601241377137957
0.463951407798699
0.24527489801957494
0.3354311549947375
0.3142577494893755
0.46403838516700835
0.3266819268465042
0.2952456586062908
0.38404660139765057
0.27704846238096553
0.34492301621607374
0.4020837956950778
0.37868327239439603
0.3616371651490529
0.4279711436302889
0.30190204988632885
0.3520537329216798
0.34346281541954904
0.2484641181571143
0.2230992072394916
0.4383784631888072
0.3303476671377818
0.32374074815639425
0.3715259418601081
0.2741212182279144
0.5094862232605616
0.208400913203756
0.44159311641539845
0.25162847987597897
0.47149046288714525
0.3764385853317522
0.3017400461470797
0.4469755089708737
0.4597798190301373
0.5345962945194471
0.34581858780057656
0.36065072965409073
0.42950369275751565
0.3572431850646223
0.30889245583897545
0.46315627598336767
0.3583897834732419
0.2765034357351916
0.34954160505107473
0.4401767920880091
0.5099280494309607
0.31825503387621473
0.32549815110507463
0.28128330994929585
0.4297390542924404
0.4917868623243911
0.41142076573201586
0.3012415474014623
0.3773983724060513
0.28673541936136426
0.2882420431290354
0.346027201662461
0.3649195845105818
0.477558617080961
0.27957970719961894
0.33526564451555413
0.3698406464287213
0.32451435595396017
0.3385056931348074
0.33332620064417523
0.3110860366196859
0.37725282336274785
0.3582966783571811
0.21158034904372125
0.34696395766167415
0.45374373346567154
0.3750236999420893
0.3716286855439345
0.27957514034850256
0.2527873365297204
0.4388292765333539
0.36015836823554265
0.392073892056942
0.4078870779346852
0.4149730072489807
0.37213177641942385
0.29683603310868856
0.42436827524077325
0.48807563739163534
0.3111425843976793
0.24280047123985632
0.6242768180867037
0.29730847140862826
0.29139191497649464
0.29006561415181276
0.3896599080236185
0.30955222249031067
0.2897190366472517
0.3881300128996372
0.3782741984441167
0.2910315668476479
0.27201454572024797
0.3766169889076125
0.37034476326689836
0.36722307794150855
0.3510034717619419
0.3144157887214706
0.3307118269481829
0.3483717611857823
0.45700526805151076
0.29211454270851045
0.2364013425651051
0.2644617193866344
0.3601665784205709
0.38124314234370277
0.5186066308191845
0.28118771208184107
0.47714535732354435
0.41699706692071187
0.3361962003012498
0.4585115788947968
0.36985038469235104
0.33777394819827306
0.32937102268139523
0.3118435066370737
0.2992377302476338
0.31140022804694517
0.3159155613254933
0.2883749086232412
0.4299809583241031
0.31693809053727556
0.3621388196590401
0.3456703859070937
0.36282328232413247
0.4151681640318462
0.33524984405154273
0.28011434472032953
0.32768442818806287
0.33376557592834744
0.2915239557623863
0.2459525160846256
0.26023146439166295
0.34964623692489805
0.49271629608812784
0.38135912269353867
0.3038916958584672
0.5687329847188223
0.41944036242507754
0.41996885374898
0.3266795119714169
0.37620888898770016
0.47003536848794847
0.2902275551820085
0.3476776264253117
0.30737908752191634
0.3034971643771444
0.5641885616240048
0.2617705869710162
0.48100216243238675
0.33035421974602197
0.2449335837293239
0.32132839109926
0.2793941394913764
0.23099644553093684
0.3918048483984811
0.5087406113743782
0.3471766124878611
0.38841749399545644
0.23096064868427457
0.2878936974420434
0.273429421530593
0.2536659191052119
0.3716155099017279
0.34225381946279887
0.22334280166597592
0.275246962195351
0.3446942051606519
0.4554266730944316
0.3379146960519609
0.4579113102739766
0.34161213430620374
0.338674038116421
0.2844194599560329
0.34552504193215144
0.2843169889279774
0.2572147250175476
0.43582968449308757
0.3943899899188961
0.2767917430471806
0.3626749249441283
0.3406242627118315
0.3523229059009325
0.42020486543575924
0.31532735306592213
0.21101157287401812
0.3131284772285393
0.42510532516808736
0.294229349032754
0.28163195827177595
0.32131405121513773
0.3604575091352065
0.5729620289944467
0.3638042766778242
0.3161007875487918
0.33542639159020926
0.33632599580146016
0.2716311297955967
0.3401055924949192
0.28727145741383237
0.34181088155933786
0.357896980962583
0.4571081811473483
0.5153230815416291
0.34750832794677644
0.2540006167477086
0.29172060044393655
0.45588927006437663
0.40841440040440785
0.4782213272438163
0.3761553283603418
0.2942374517165479
