21.42832106635684
17.162099020821707
12.700381528763543
8.552473283949352
5.897888058707828
4.132078903062003
3.0890815485091436
1.9982741617021107
1.3519346160548074
1.1007333170799982
0.791780989084925
0.551039277442864
0.4553680767615636
0.6681819632649422
0.5121062852087475
0.4949951370557149
0.5101183794793629
0.447475094525587
0.4454266203656083
0.45411291328214465
0.3714935094827697
0.24412255082279444
0.42453245712178095
0.2354357171626318
0.21096504399819033
0.3743817534829889
0.27143034108337905
0.267842960765674
0.2719606885775214
0.2898056526624021
0.3000249823644048
0.21975276796590715
0.5810492595746404
0.4645504622409741
0.37029248307503404
0.3138617928184214
0.3996908314348686
0.39213229307816144
0.36481428891420364
0.23953368851826304
0.41419989753159736
0.25302638122368426
0.33662097936584834
0.31959436496808413
0.2897172800841786
0.49956923191036495
0.39628690232833225
0.2788853169019733
0.35271358401292846
0.35389157695074874
0.24118813490938573
0.4511538603830905
0.20887922300469308
0.32625325715967585
0.44277761486314593
0.2290128349725689
0.2739644194287913
0.19659833636667048
0.3552235957412493
0.2773410822486594
0.20800683487738883
0.4193194538709663
0.1832606778258369
0.3326303091432367
0.2642178549653008
0.5377316382669267
0.15746715181462823
0.3090118948547613
0.343047569993706
0.35924763321166947
0.22063850110308045
0.4632608523769748
0.24574039716805732
0.306915587878653
0.3405586552052271
0.4383628648661432
0.4213463847658464
0.4533604296545188
0.16698446621497473
0.17296700303753218
0.30725051852918805
0.21482477102073885
0.24098160978229272
0.3815457907815774
0.34367474771681283
0.326946538119089
0.3151592688546294
0.25949611443848836
0.40817024731742485
0.20321043767035007
0.3572070283726567
0.2323793171062356
0.23971258405418622
0.3146037674021153
0.23966619092971087
0.35899463460026754
0.18664595892741567
0.16733581714686893
0.3978226591079008
0.2497964697402148
