170.36839133042557
169.9668674835792
170.52528329995963
168.91039136739877
170.0364692761348
167.76342703745917
167.5870071053505
180.89654504335843
220.25639589016254
165.28884784991925
165.19891746227557
165.83994593987097
163.87725217525775
162.90791394160345
164.27664921833917
161.8046157543476
160.32463257129376
160.45986432295578
158.45887598624597
159.1347417831421
158.12304698503934
192.4439002917363
156.98634899579562
155.8872330738948
221.01355508657602
153.46271791824927
181.15941253075232
149.48559779387253
163.95800172365628
148.07997406446017
148.01292177347037
148.4930642751547
148.81752509337204
150.64820084205041
146.56132261569684
145.21517764605008
145.78198469602145
145.44875130286584
146.4479203224182
143.60090446472168
143.0786077609429
141.15433685596173
144.0676630460299
142.64514033611005
140.66668570958652
137.25156132991498
141.2326113627507
137.71491052554205
139.81422422482416
136.10680538645158
139.14106112260086
137.91734164494736
137.33229725177472
133.09703221687903
133.1634304340069
149.28567541562595
140.15982957986685
131.90853430674628
131.51251569161047
174.5435179747068
154.7510854464311
132.96751104868375
133.46859583487878
126.49875303415152
125.96383113127489
126.1035237128918
129.1308487195235
121.2764480480781
125.81805787178186
128.1383764101909
123.5525091611422
124.20056034509952
127.20738815802794
123.82745351241185
183.25285616287817
121.01735673500941
120.02690015847867
126.50673264723558
169.58671405682196
122.00854882827171
119.00481425798856
119.21194026103386
127.7327897456976
121.33511233329773
121.38234013777513
116.61298128274771
139.00685220498306
124.65381405903743
128.69307287381247
117.00200326626117
147.91226254059717
119.45494677928778
115.84513325874622
114.83781096568474
157.43384132018457
118.58439913162819
114.90020903257223
119.92079699039459
114.91403432992789
115.45995313846149
152.9741906936352
118.88453107613783
119.26377991529611
111.96309619683485
116.29321540319003
113.91226066075839
114.90099813387944
120.87416100502014
114.25919803792539
116.17288677509015
108.69475640700414
111.26465349930983
117.71498211530539
108.35356804040762
138.72664371820596
110.4703862116887
108.82721988971417
105.48695901724008
114.40059251968677
110.6135486822862
112.06947561410757
110.36566310125188
119.04483189949623
107.94134501310495
106.94900217766946
109.41759390097398
114.60746077390817
108.93415258480952
113.03983039122362
104.8321696978349
110.35673803549547
104.8538483106173
113.04201291874051
115.44327160028311
108.13157888559195
108.50222428945395
110.61311798829298
103.26237714290619
109.28338212233324
112.77155060034532
111.9959129370176
109.88986891049605
102.21330179617955
175.80453322483942
108.99110489625197
105.06569638619057
106.78627760593707
108.05218314207517
103.0314289698234
105.27695193657509
