170.47182886417096
220.9005404985868
162.33215121122507
159.3173734958355
157.1493160908039
156.90609099314764
153.2024373274583
152.20885496873123
148.1103482063
146.35666921047064
144.20125838426443
144.699204151447
143.92207198876602
142.7270422715407
142.76247794811542
143.48388515985928
141.49544966220856
140.20612219663766
139.02212562927832
141.68363862771255
139.236592567884
185.75701643870428
138.82360616097083
139.5633209485274
146.32103296426627
139.05718447611883
158.02376615084134
136.20454324208774
137.75872327731207
137.43937881176288
141.08142232894897
134.45912724274856
137.95016442812405
134.85141976063068
136.00823153899267
138.53033604988684
135.78624191650977
134.0828514465919
138.72455670283392
142.19657774154956
136.13993288920477
134.62217696813437
138.14599262751065
136.26963507212125
136.9312698290898
149.805153296544
137.43619685448132
137.54987542445843
134.74868880785428
203.7844853767982
171.55231154881992
137.9675048681406
132.93522887963516
204.691183420328
135.75223959409274
136.56421265235315
140.46745333304773
136.80702691811783
187.8403730209057
136.9771967484401
136.45405266835138
137.59342628258926
130.80709314346313
137.29681691985863
133.50956535339355
134.3876148370596
135.1880195599336
196.93988167322598
135.52545895026282
134.70318014805133
133.98659722621625
134.6237288254958
133.09374796427213
193.16500841654263
130.67085201923663
135.7855343910364
133.16661013089694
136.29370333598212
140.6264924452855
131.8126504237835
134.407795722668
133.3685275407938
143.07163113814133
182.10429931603946
134.80889003093426
138.45126119943765
133.0721626648536
135.52655779398404
135.97718913738544
134.80857135699347
133.34038470341608
130.23923696921423
131.8288761469034
137.59580720387973
134.72422243998602
130.77064657211304
133.6733795954631
141.15451955795288
191.78469535020682
130.02156512553876
