19.700373922075546
15.580604825701032
11.641600790477934
8.50829876036871
6.162058029856
4.717572206542606
3.0691757599512735
2.5595287822541737
1.816022827511742
1.3757328696194149
1.0438562645798637
0.7668398604506538
0.8963723111720312
0.7364247703836078
0.6780018338135311
0.5701492904197603
0.514272965490818
0.5669492571836426
0.5534849479084923
0.5001083974327359
0.5663361783538546
0.36300035956360044
0.3413986691406795
0.38025049173406195
0.5361120360238212
0.5472035571223214
0.46366758786496665
0.8075470903090068
0.4006898846654665
0.4161652589128131
0.3842331011380468
0.44153079993668054
0.3523923761787869
0.3170200518908955
0.3637264480903035
0.3455903682680357
0.43963577846686047
0.3706462596143995
0.3533456580979483
0.506753496116116
0.44508592039346695
0.5233865545264312
0.38887948117085863
0.3331299835727328
0.5013698754566056
0.3619885966181755
0.32933131605386734
0.23474169912792386
0.4499193018391019
0.38430639249937876
0.2862428996179785
0.34185379175912767
0.36194135159963653
0.5240002696712812
0.305998210750875
0.4726523756980896
0.2763070308026813
0.4134943495903696
0.44284012470216977
0.37629084289073944
0.4735308669152714
0.228202862398965
0.39982248186355546
0.41105603905660765
0.48426615943511325
0.30603413851488204
0.49424840456673075
0.40804453158662435
0.31916235635677975
0.39050390713271643
0.3172930395674138
0.2603656841175897
0.4110023517693792
0.41844877210401354
0.4093698962103753
0.508741363528229
0.27936092320652234
0.37216345291762126
0.3241290480253242
0.5087439747793334
0.3857023666302363
0.44114992519219715
0.5131166146269867
0.5191899875090236
0.5598360874823162
0.6514944043897447
0.3115798893074195
0.4434639308601618
0.4422255014734609
0.3748967234222662
0.4898857172755968
0.30689933106658007
0.4328859416501863
0.41259694046207834
0.3360039974961962
0.41600793812956127
0.38862246328166555
0.26882299887282507
0.34750142835435416
0.2219476497599057
