23.102686291649228
17.867687679472425
13.38315082731701
9.947522492635818
7.753291061946324
5.6907010191962835
4.109426515442984
3.041427581083207
2.1442004527364458
1.8000145164274035
1.4152040509950548
0.8986728759039015
0.9602122250057402
0.853863693418957
0.7236497366712207
0.7851349321149644
0.745553847579729
0.5720477810218221
0.5941143603551955
0.45785561274914516
0.5162072625188601
0.3995352704964933
0.4238687278259368
0.3067234700456971
0.2997822747344062
0.34756279630320414
0.3596522742438884
0.3376499990976992
0.32096784597351435
0.5590375519934154
0.48781105645355727
0.3333880603313446
0.594220984904539
0.3765250554396993
0.33564591301339014
0.2409519118567308
0.4788301473572141
0.29408057708115803
0.34412321856334094
0.31402519309804555
0.31183197704099475
0.45997387419144314
0.4358567675309522
0.5414991277669158
0.4177684716525532
0.41770267202740624
0.3428631637777601
0.33568184006781804
0.45964963184226126
0.40175128719281583
0.2781266499133337
0.3679393462481953
0.33132577031141236
0.2237857146454709
0.3717958406057386
0.4029765051035654
0.3230488355315867
0.21198114433458873
0.4263203250510352
0.4416843833667891
0.23756973001928555
0.17522355488368443
0.3842748701572418
0.18408136105253584
0.31375135605533916
0.27690369068157106
0.44656235316679593
0.38184805569194613
0.4454406432452656
0.36022812811036903
0.3321792689107713
0.4160468155252082
0.36337433932792573
0.3142626321031934
0.3506052329958904
0.3554954759421803
0.348380188147227
0.385099185364587
0.26614701605978464
0.37353651669053806
0.39037843013093587
0.23314266323688485
0.2921451473874705
0.4307377908511886
0.4026473577888239
0.33617924455375897
0.43120188975618
0.31183519764315515
0.25581600286421324
0.4241505889665513
0.4855188365493502
0.3221937684076173
0.25498555476466817
0.3182308576735003
0.25996453483544646
0.41766605171419324
0.43997843971564654
0.447177049127363
0.30554093704337165
0.36034011982736136
