16.57873682542281
2.700119473717429
1.804861675609242
0.88833503018726
0.5821575224399567
0.2358432412147522
0.2871049317446622
0.29029034078121185
0.2728216275572777
0.14594527537172491
0.21877300874753433
0.23112056336619638
0.13528919558633457
0.2248727889223532
0.28351257335055957
0.14777708155187694
0.20161056586287238
0.154235906729644
0.20839694142341614
0.2150029722939838
0.11924789608879523
0.2044379176063971
0.22658237543973056
0.21808171204545282
0.15980391813950104
0.14085971089926633
0.13173065334558487
0.07600345818156545
0.15284167162396692
0.10202048447999087
0.0779517563906583
0.12861217964779248
0.1626441851258278
0.1393522098660469
0.12393459474498575
0.1382581042972478
0.11856647005135362
0.1106203557415442
0.09761228310790929
0.11139717223969373
0.15617307681928982
0.20860122008757156
0.1531824291768399
0.21840506825934758
0.11325349252332341
0.12700260430574417
0.14011530137874864
0.194862000644207
0.1398141079328277
0.1281715672124516
0.16401161050254648
0.13614257763732562
0.14820996942845258
0.12435098060152748
0.13766335729848256
0.10295515439727089
0.13791423257101665
0.12217077883807095
0.11984770237044855
0.14200170846147972
0.10919901085170833
0.12862344390966676
0.12401705980300903
0.16058995540846477
0.12538068639961156
0.11917850544506853
0.10727660561149771
0.10634575919671492
0.15550249273126776
0.16557288406924767
0.09965100342577154
0.1544452668590979
0.10951669006185098
0.11782257360490886
0.17315982180562886
0.07666691189462488
0.11294537410140038
0.09516203809868205
0.13230653953823177
0.09465503252365372
0.17271945015950638
0.1883473186330362
0.13807462629946796
0.10125874490900473
0.1147464865987951
0.14693778651681813
0.09402089735323732
0.1309457587247545
0.07721745358272032
0.12422896650704471
0.12949458916078915
0.2305377864024856
0.06691513498398391
0.14987783675844019
0.1272470676763491
0.0806193808940324
0.09630716625939716
0.08107833428816362
0.08463560823689807
0.13516126776283438
0.09956840019334447
0.10616488754749298
0.157590276138349
0.17861418798565865
0.17423690245910126
0.1150260576131669
0.12464170293374495
0.12811051681637764
0.0997002504088662
0.10277066278186711
0.1575161875648932
0.12967532128095627
0.10531065172769806
0.1080664988945831
0.09966503286903555
0.10915414785796945
0.10541019487110051
0.1442776197059588
0.1292490606958216
0.11580198461359198
0.1220006722618233
0.09399443289095705
0.10004174810918895
0.16182251240719447
0.10819715159860524
0.08696554465727373
0.08051584830338304
0.1267897408794273
0.100552479990504
0.15052672323178162
0.12914379957047376
0.0886880870569836
0.16476452079686252
0.12026508762077852
0.09148921377279541
0.11337430504235355
0.14931592480702835
0.14614641598679803
0.09646034562452273
0.08211648311804641
0.09259891814806244
0.1366644264622168
0.13212044435468587
0.14618151567199014
0.1607568138702349
0.11161673712459477
0.11743714321743358
0.13459326022050597
0.10893751443787054
0.1076107057319446
0.11575931242921135
0.11725808341394771
0.13112170858816666
0.10844993726773695
0.09517443874342875
0.12648447840051216
0.1458393931388855
0.08072367310523987
0.15089287067001517
0.11311951889233156
0.1415561552752148
0.11036145212975415
0.07662826776504517
0.17822011526335368
0.12870879471302032
0.13665678013454785
0.10831180689009753
0.111778469925577
0.12393342195586725
0.12767950106750836
0.1391587948257273
0.09880449284206737
0.11156611754135652
0.12154887007041411
0.19700753384015776
0.15269695222377777
0.08943775262344968
0.10266872800209305
0.18019578944553027
0.16839184815233404
0.11195210299708626
0.12771417573094368
0.11571717804128473
0.09527747908776457
0.14093600755388086
0.11455394158309157
0.10083491693843495
0.12934374131939627
0.1472017141905698
0.09401713650334965
0.09801033613356677
0.12891626764427533
0.14234930581667207
0.13669413328170776
0.14485894482244144
0.09284254400567575
0.1566120091487061
0.16464980420741168
0.13263347609476608
0.10383500734513457
0.07277598435228522
0.10891440883278847
0.1384641392664476
0.0992922420528802
0.1092700870199637
0.10446796769445593
0.11646678366444328
0.08787567642602054
0.10586815462871031
0.13423479365354235
0.10130719163201073
0.08891915995627642
0.12115793404254047
0.10956240648573096
0.11021762781522491
0.12445192716338417
0.11067081479863687
0.10598473555662415
0.1354658200659535
0.1268614452670921
0.1301906801421534
0.13912520896304736
0.10802446813745932
0.09377186474474994
0.16427777944640679
0.0831238783218644
0.12668940695849332
0.11769588630307805
0.10025439055805857
0.07654114507816055
0.10026437484405258
0.20749070901762356
0.1269189024513418
0.07856269180774689
0.10837491940368306
0.10559031909162347
0.08341179957444017
0.10027525980364192
0.10927405784075911
0.08871316181665118
0.12806840207089076
0.09769311039285226
0.10593594475225969
0.09477211636575786
0.10616164688359607
0.06539940732446584
0.21272696419195694
0.1045888103544712
0.1364641341973435
0.0862164328044111
0.12386094270782037
0.12830490551211618
0.16537823392586273
0.09217293865301392
0.08726347102360292
0.13158173554322936
0.09866218065673654
0.1082062643360008
0.08590939133004709
0.12886869704181497
0.09546003930947998
0.10063696110790427
0.14553243734619833
0.14698230001059445
0.13147511333227158
0.11293260279026898
0.1260916448452256
0.14428854462775317
0.16194106909361752
0.10023318298838356
0.1164743033322421
0.13499793816696515
0.12718262354081328
0.20875341919335452
0.16240255602381445
0.08248135447502136
0.10295819186351517
0.15337470546364784
0.08903031254356558
0.1605635488575155
0.1387096094814214
0.14803951978683472
0.1282330731099302
0.10320229320363565
0.1320083225992593
0.12337741729888049
0.08051982149481773
0.09768785333091562
0.13384448838504878
0.09577643363313242
0.14676306735385547
0.0802966058254242
0.0992529412562197
0.12292718955061653
0.11445305360989137
0.17165999554774977
0.12504710290919652
0.10876802117987112
0.09387684207070958
0.1211236606944691
