21.11848340715681
16.62541103363037
13.12476294381278
11.188235623495919
9.376252719334193
7.5569258871532625
7.182421139308384
5.267915805180867
3.8203750735237483
3.274625287169502
2.9982024487994967
2.5891188638550893
2.3628856511343095
2.371000741209303
2.4100856610706876
2.4739830096562705
2.1923201254435947
2.2703480436688377
2.2499428590138755
2.211434616929009
2.03399163768405
2.0031537214914956
2.1544231516974315
2.301909577278864
1.8458991618383498
2.117131315526508
2.052566769577208
1.8841541608174641
2.0408250263759067
1.8319713473320007
2.0128809951600575
1.9423518138272422
2.030607586815244
1.8814262236867632
1.9027210360481626
2.042587774140494
1.9536982150304885
1.9368021630105519
1.9477315573465257
1.9146000544230144
1.7024850561505271
1.7552858931677682
1.942799142428807
1.8453015458016169
1.8226623052642459
1.7612796553543635
1.9494727708044506
1.9105705987839472
1.915521224339803
1.8570427355312167
1.561094349338895
1.6580593444052196
1.9274737607865107
1.7084828388123285
1.7973010596774874
1.6970616990611667
1.8713021335147677
1.575331687927246
1.9047187580948783
1.7893866506360827
1.6902912259101868
1.8145419784954615
1.8112642765045166
1.8354461845897494
1.762101417496091
1.8093951713471186
1.5552920415287925
1.6911857951255072
1.9206997354825337
1.6548729652450198
1.796913430804298
1.9941583900224595
1.7741623464084806
1.6623564476058597
1.7200267513593037
1.8341523976553054
1.844797568661826
1.8385841562634422
1.8728873900004797
1.9475927835419065
1.588744234471094
1.8434676073846363
1.7535858438128518
1.6151066890784673
1.6667540612674894
1.7917384789103554
1.6971577008565266
1.850870254493895
1.995274012997037
1.581509101958502
1.8669804192724682
1.8425102971848988
1.6844973422232128
1.6293670109340124
1.726769086860475
1.6924155013901847
1.5524529502505349
1.9841199205035256
1.6272159119447072
1.888251869451432
