172.16868448257446
172.19113247211163
229.07799295278696
170.32743285710995
171.26128966991718
209.72309145560632
213.86063054891733
169.94661448552057
169.38517277057355
169.82011105464056
167.70687121611374
206.6531118979821
166.7102441420922
166.76998233795166
166.00980857702402
165.6290568938622
164.7175639959482
163.19812517899734
231.49651718139648
162.05845686105582
162.87463940106906
164.0933573796199
161.1409291120676
160.97413847996637
166.8567915696364
156.60028288914606
159.74527755150427
179.97181342198297
216.3204534970797
159.07864123124344
164.97780455075778
183.44973138662485
158.89066303693332
157.24159915630634
152.90164111210748
156.50337464992816
152.95578186328595
154.37779118464545
152.53170347213745
156.0329683010395
155.44636586996225
163.33571980549738
154.29114484786987
191.93440261253943
152.5418884203984
151.26018799268283
150.620965554164
146.7388568073511
144.3681029173044
181.20728045243484
148.5591453726475
150.13289642333984
144.65161046615015
149.47679693882282
140.38044775449313
143.28008347291214
143.62331381210913
172.35334238639246
144.17188952519342
143.5441071345256
143.28731188407312
144.80593519944412
188.2521428328294
138.18859557005075
137.09105178026053
132.83417239555945
144.70385413903458
136.37598496216995
145.443182523434
138.78475886124832
134.86500358581543
138.33184653062088
138.768303834475
134.46806346453153
140.70888231350824
138.17353611726028
132.67042182042047
134.7384638786316
132.5705854525933
133.76741473491376
131.30849383427545
184.07743525505066
142.26840189787058
133.51377652241632
127.85454370425298
134.82313720996564
131.2694194500263
131.45386750881488
132.68533644309412
145.67059437128214
125.1131558234875
130.4311953324538
131.50646829605103
125.02413555291983
132.74430188765893
128.88582082895132
125.72164421815138
127.97937983732957
128.8632694207705
126.38989756657527
133.994414971425
126.53953464214618
124.21959873346182
128.75525245299707
150.7748031616211
128.86144245587863
123.81683604992352
119.67770051956177
120.87915066572336
131.3992341023225
122.89467958303598
122.89414699261005
186.49473999096796
192.56912462527936
137.91328177543787
118.88969510564438
170.71318714435284
119.4095145372244
122.30091162828299
121.1367473418896
123.01346408403836
119.26698968960689
118.93056945223361
118.02149263712076
123.37903619729556
126.36936334463266
120.2627599789546
136.49819291554965
119.15104938011903
126.79875425192026
116.86858022212982
118.83233259732907
120.44810872811537
117.17764797577492
159.03592903797443
117.44057099635785
160.84738789154932
115.3712166089278
123.11819450671857
114.36368274459473
117.86133757921365
123.64246830114952
116.07271421872653
124.53652431414677
128.91848135911502
113.75366404423347
116.82623138794533
115.6543905551617
159.98643850363217
120.19192537894615
