31.662994211370293
39.05990878018466
34.58675549247048
23.868252407420766
18.336447065526787
11.776747876947576
11.303125771609219
9.190463109449906
7.640484116294167
8.65896942398765
7.942315730181607
5.860739577900279
5.081733681938865
6.7238412770358
5.1203696727752686
4.399254473772916
5.151268157092008
4.580595634200356
5.2137789292768995
3.95897854458202
4.312849326567217
4.152248881079934
3.3052732294256035
3.559299208901145
3.102641365744851
3.09594679962505
3.7464405623349277
3.594594131816517
3.383157394149087
3.687370842153376
2.4782637574455957
2.528329003940929
2.893161188472401
2.695912577889182
3.2157568498091265
3.416174357587641
2.536899675022472
2.771208329634233
2.6677904562516646
2.6722034324299204
3.777743166143244
3.0407093546607276
2.663910085504705
2.8103225339542734
2.3875421610745517
3.4645261114293877
2.865040573206815
2.5168203982439907
3.250450285998258
1.896643871610815
2.51489012891596
2.499083551493558
2.864328070120378
2.9257068146358836
2.8479146523909136
1.8516104221343994
2.2587030313231726
2.6912001317197625
2.1710199009288442
2.3907885443080557
2.971246210011569
2.3641566688364204
2.2936285625804556
2.2858210043473677
2.3583842515945435
2.5808248194781216
2.2116273695772346
2.022179592739452
2.552890029820529
2.249533761631359
1.9028984741731123
2.1174298308112403
2.528906513344158
2.5995017940347847
2.7477345791730015
2.5103332671252163
2.3296424746513367
2.151631637053056
1.9736638069152832
2.086054130034013
1.9557837681336836
2.292764977975325
2.5576458519155327
2.6624378616159614
2.238589135083285
2.490093166177923
2.4555904431776567
2.578034596009688
2.2932040691375732
2.6194054755297573
2.4302400946617126
2.3100044510581275
2.332298376343467
2.0835669582540337
1.905032602223483
2.769773342392661
2.1725022250955757
1.925962583585219
2.395216551694003
2.54553467577154
2.4938724149357188
2.8562476418235083
1.9740538271990689
2.2503724748438056
2.2402197014201772
1.9271506612951106
2.3381160335107283
2.9254198616201226
2.0236989097161726
2.140451019460505
2.5836513855240564
2.338947209444913
2.3416143547404897
2.132136171514338
2.5638689290393484
2.153889775276184
2.5728896856307983
1.8940901214426213
2.0776516903530466
2.1691473559899763
2.108162218874151
2.6209859522906216
2.2208516110073435
2.671338688243519
2.414660703052174
2.7229837504300205
1.8712469230998645
2.4914404153823853
2.164451339028098
2.2540164210579614
2.518726012923501
2.875375346703963
2.2679220979863945
2.1403491767969998
2.371944319118153
2.191525101661682
1.9614785259420222
2.2456307953054253
1.7712027484720403
2.487039804458618
2.3426918875087392
2.262182452461936
2.3980711698532104
1.9803769317540256
2.424791379408403
1.9318435733968562
2.5986579873345117
2.084275408224626
1.8275716738267378
2.4095308022065596
2.0857318423011084
3.2594814083792945
2.5700314044952393
1.9179383407939563
2.5782732746817847
2.246062907305631
2.5907996025952427
2.076302620497617
2.5267200361598623
1.5876885002309626
2.2425596714019775
2.569864348931746
2.4549012834375556
2.260885065252131
2.1746802113272925
2.3392514315518467
2.3302734223279087
2.262389757416465
2.05169785564596
2.809404719959606
2.5059186870401557
2.668483333154158
1.9761894778771834
1.8936266140504316
2.6015250899574975
2.770533399148421
2.250970959663391
2.275190158323808
2.07952018217607
2.773357618938793
2.7686256061900747
2.2748118205503984
2.277070706540888
2.389850852164355
2.8027386448600073
2.265541575171731
2.14712395993146
1.933897939595309
2.4609234007922085
2.2756836739453403
2.183165095069192
2.366524262861772
2.3909348357807505
2.869107311422175
2.9910406090996484
2.7367725480686533
1.9546345363963733
2.6636452674865723
2.492014082995328
2.722099174152721
1.8611602024598555
1.9276847947727551
2.0238678455352783
2.4611119465394453
3.226998708464883
2.3776390986009077
2.3835861791263926
2.4948074600913306
2.1513731371272695
2.1011804667386142
1.83148962801153
2.319251661950892
1.7075400135733865
1.829109170220115
2.94779634475708
2.373825864358382
2.0006763501600786
2.2559137669476597
2.628233627839522
1.7321347269144924
2.329774423079057
2.7476598674600776
2.3987413211302324
1.8648798682472922
2.280142372304743
3.1044583320617676
2.713520418513905
2.4393626018003984
2.9158815253864634
2.123338932340795
2.7035269195383247
2.063591566952792
3.02289739522067
2.9489411657506768
2.822701399976557
2.1748204231262207
1.9878147840499878
2.9231216582384976
2.2682254097678443
2.937075820836154
2.1423140384934167
2.733188347382979
2.6725713448090986
2.2373868389563127
1.9204941175200723
2.6357702667062934
2.322625745426525
2.026179877194491
2.3234121691096914
2.223253694447604
2.406702756881714
3.0632248466665093
1.8427056128328496
2.151406407356262
2.081259153105996
2.4147215539758857
2.3897464058615943
2.0314982479268853
1.9246250282634387
3.0659300847487017
2.8224935856732456
1.9957823211496526
2.3178855072368276
2.0976722023703833
2.6002656004645606
1.772836983203888
2.1768776178359985
2.0479365587234497
2.4740634072910654
2.4604590968652205
2.025000886483626
2.157609961249612
3.563349723815918
2.7959136854518545
2.6024942939931694
1.8826374303210864
1.643445069139654
2.2756272933699866
2.4160119511864404
2.215224027633667
2.4653947136618872
2.4671309102665293
1.6700015555728565
2.447040319442749
1.9097432656721636
2.6337447599931196
2.151029949838465
2.406146678057584
2.601224281571128
1.928140564398332
1.943592824719169
2.5194481827995996
3.1476278521797876
2.5787715803493154
2.4432074265046553
1.9436821287328547
2.314587723125111
2.358151576735757
2.1689287424087524
2.3208933743563565
