18.54882730756487
10.946943896157402
6.48298184076945
4.394571906044369
3.9312261002404347
4.157574982870193
3.9587973923910234
4.554086900892711
3.7833907263619557
3.13480905407951
3.743364643482935
3.2974113680067516
2.779984951019287
3.1926244412149702
3.569637043135507
2.9772824389593944
2.774106868675777
3.3456103461129323
2.7571558356285095
2.870287509191604
2.8005820569537936
2.8739538533346995
2.663445007233393
2.940680932430994
2.5564160403751193
2.4488928403173174
3.1042834378424145
2.6046327551205954
2.704567994390215
2.6079965773082914
2.750642018658774
2.4924646615982056
3.186979952312651
2.938696773279281
2.782120304448264
2.6634731065659296
2.4326941399347213
2.7901714869907925
2.4557040702729
2.061947728906359
2.688965170156388
2.4885083777563914
2.0227818744523183
2.8876211983816966
2.4193424440565563
2.414062891687666
2.8400130697659085
2.531107544898987
2.4657714253380183
2.5818148141815547
2.603713180337633
2.359704690320151
2.5591325476056053
2.697980963048481
2.196908496675037
2.564127043599174
2.54055685088748
2.7646346943719045
2.4434845873287747
2.7842486188525246
2.532393745013646
2.630588772751036
2.469495719387418
2.5786996483802795
3.0619532465934753
2.5799383322397866
3.0524998846508207
2.239563022341047
2.327808473791395
2.600416972523644
2.392498731613159
2.4632606648263478
2.671597503480457
2.827517378897894
2.4963207869302657
2.464472708247957
2.470557539235978
2.5712696597689675
2.811377451533363
2.2675743840989613
2.5722511183647883
2.4101935738608953
2.190927369253976
2.7516175707181296
2.516668444588071
2.6034770153817677
2.37910281760352
2.537813833781651
2.4724679248673573
2.496654680797032
2.420073294923419
2.4367670842579434
2.28447640084085
2.1968998653548106
2.482487888563247
2.511786645367032
2.3489029634566534
2.5336281117938815
2.4225106097403026
2.632041777883257
