24.912432063709606
21.84033896706321
18.327156240289863
13.927747292952104
9.346202026713978
5.141449473120949
2.2839444008740513
0.8642045530405912
0.40912820398807526
0.19810149209065872
0.304106242954731
0.26495749842036853
0.13450839133425194
0.1903972029685974
0.24455814876339652
0.15359164706685327
0.2274814640933817
0.10752022740515796
0.1853832175785845
0.11083646931431511
0.23434809663079
0.16798129745505072
0.1647894440049475
0.11941375651142815
0.1483949307690967
0.11919654702598398
0.17155396193265915
0.11281591704623266
0.19642106850038876
0.09013634124262766
0.07846561209721999
0.08977882157672536
0.14794360033490442
0.20182851566509766
0.08758933012458411
0.09827585484493863
0.11837351830168204
0.08820117146454075
0.16170290485024452
0.23757514916360378
0.16006361557678742
0.12686785208907994
0.1454627693376758
0.10090336779301817
0.20481311970136382
0.08358330398120663
0.10256785255941478
0.17182044075293976
0.1504727742550048
0.12237389351833951
0.06875087320804596
0.07663969052108852
0.16357536800205708
0.09928107837384398
0.17121404815803876
0.10032036104662852
0.087166648527438
0.10444171692837369
0.07341613569720225
0.0831416252661835
0.17190334031527693
0.07270565527406606
0.12401933290741661
0.13598613407124172
0.09664196656508879
0.10650677454065192
0.11589610830626705
0.1220695095306093
0.07907250337302685
0.1286177710545334
0.13230394876816057
0.07921628687869418
0.17318000373515216
0.10339489816264673
0.13702511550350624
0.09319740770892664
0.0989359204064716
0.12093101407993924
0.07453347640958699
0.10047822073101997
0.06790336390787904
0.06676418181847442
0.1485001233152368
0.07901534573598341
0.07283108766106042
0.12639499303292145
0.06641269305890257
0.119914677078751
0.08852013742381876
0.16129357189956037
0.1273354948921637
0.10243883441117677
0.09076828746633096
0.12512500668791207
0.07394302009858868
0.07648295638236133
0.074498087675734
0.15545889294960283
0.0667003637010401
0.096905753524466
0.06285467693074183
0.1272444376213984
0.06729974021965807
0.09267516569657759
0.15061713027005846
0.17497505992650986
0.12547623670913957
0.06582025184550068
0.0928685384040529
0.20660293034531854
0.09103172848170454
0.11257960410280661
0.06852818348191002
0.09126267141916534
0.07730126922780817
0.13888229243457317
0.10772802088071
0.12423952533440157
0.13166788525202058
0.11556545069271867
0.07437155057083476
0.10623892295089635
0.0840254422615875
0.1576642891900106
0.06594264947555283
0.1358063772151416
0.10060347752137618
0.09809635139324448
0.09192636896940795
0.15616267106749795
0.09506596049124544
0.18310793929479338
0.16110200705853375
0.15150257741863077
0.1628791322423653
0.11025401441888376
0.10238237221809951
0.13082973489707167
0.14433807879686356
0.10772128928114068
0.04973828775638884
0.09493396397341382
0.15985062786123969
0.1270364991981875
0.0820090879093517
0.15041755749420685
0.1364217261699113
0.0974486048587344
0.12603637779300864
0.11741789261048491
0.13212410106577657
0.09765281968496063
0.137374694543806
0.12398424151946198
0.08321570605039597
0.16495704447681253
0.15215628797357733
0.10532532022757964
0.1372566143558784
0.11855063959956169
0.12567041475664487
0.21261927417733453
0.046456616541201416
0.11833055317401886
0.0922634286636656
0.19669503887945955
0.16481461367485198
0.0864626717838374
0.06718441539190033
0.10036816803569143
0.0738714352588762
0.10802742110734637
0.09734839370304887
0.12877234308557076
0.15575668740678916
0.08881094882434065
0.14062976346097208
0.1074585582722317
0.08329988728192719
0.11049096167764881
0.08050357567315752
0.06351614370942116
0.08718321726403454
0.07207138497721065
0.10611492243002761
0.07919741946865212
0.11849214136600494
0.07437024773521857
0.14779325100508603
0.12927770614624023
0.11270795152945952
0.13006255267695946
0.08427332917397673
0.10654022967950864
0.08943055739456957
0.16820374673063104
0.07852450063960119
0.14333477413112466
0.11078289066526023
0.13157603618773547
0.10488682748241858
0.10519707744771783
0.11841924336146224
0.08016550236127594
0.14639812369238248
0.20432156646116215
0.21510456570170142
0.06029252961955287
0.08938368240540678
0.1281325617297129
0.15823497826402838
0.11510179242627187
0.07747306623919444
0.17065801166675307
0.0675799511373043
0.1296643933111971
0.11973310499028726
0.08457818695090034
0.1368344629352743
0.09763019108636813
0.17707397890361873
0.11139952086589554
0.09709767286073077
0.08022638528861782
0.09512302956797859
0.07873271371830594
0.13065645420415836
0.15472126379609108
0.09144859693267128
0.10119485143910754
0.08816421472213486
0.09010358273305676
0.09433336996219376
0.06937731006606059
0.1564935977486047
0.13479962877251886
0.10827624323693189
0.1123323142528534
0.07450326447459785
0.15486586026170038
0.10190685195001689
0.1142764538526535
0.13763684914870697
0.11338369954716075
0.10871007784523747
0.07846974920142781
0.09803081371567467
0.0786037656732581
0.12088628553531387
0.22278401052409952
0.11070261844857172
0.09333680383861065
0.08335411650213329
0.184973362155936
0.1048471402715553
0.13142091509970752
0.09222138266671788
0.10302016206763008
0.1266399726948955
0.07281063937328079
0.12222687256607143
0.09664096310734749
0.14392928034067154
0.1338930268856612
0.14921747808429328
0.11172509091821584
0.08655320632864129
0.12083567932925442
0.14624430984258652
0.08855303580110724
0.11031786521727388
0.122834808785807
0.10740144161338155
0.15735979818485
0.06528967822139914
0.1263328424908898
0.14222081310369752
0.10841921750794757
0.1119111143052578
0.11162949742918665
0.16115796667608348
0.130101355639371
0.05766212838617238
0.054307992485436524
0.12103586186739532
0.09759457595646381
0.09264969944276592
0.07389193519272587
0.09414681876924905
0.08350676992400126
0.10131075571883809
0.16245088590817017
0.0929078154943206
0.1049285547977144
0.13819827579639174
0.11103392426263202
0.1022782481529496
0.13439998995851388
0.12991498613899405
0.10893563130362467
