18.386810121082124
9.284275259290423
6.449848742712112
4.80927974837167
3.974518282072885
2.848123925072806
2.1425865320932296
2.0591986633482433
1.6455604959101904
1.396755112778573
1.1427104742754073
0.9679362312668846
0.8872619030021486
0.6110962906054088
0.7942002465327581
0.753567655881246
0.6111247262784413
0.45771641035874683
0.49272974403131575
0.5750975885561534
0.47885022684931755
0.43810442764134633
0.39079271185965764
0.46932635278928847
0.5317832575667472
0.3538558690675667
0.3105674295553139
0.39503228433784987
0.32394560284557794
0.44498385666381746
0.379508279441368
0.23317064140878974
0.29813765255468233
0.28669353485817
0.3551503142253274
0.3215816373094207
0.39954677774083047
0.3843608425841445
0.36564957935895237
0.2343071580287956
0.2805184604866164
0.4135903279696192
0.4414259351435162
0.32671447652613833
0.2657052954392774
0.3130636653375058
0.43431959735850495
0.37174058918442043
0.18032297474287806
0.5795696128514551
0.5270527584389562
0.2839306548149103
0.23848620677987734
0.27185780084913685
0.22218598709219978
0.257807943969965
0.34463814823400407
0.4277961841296582
0.26433759342346874
0.301581528392576
0.3499543271249249
0.2994195437613165
0.37086412213033154
0.3101173508912325
0.38859362634164946
0.3207593465312606
0.528866036750731
0.20709958317733945
0.31452154066591037
0.26137612609281424
0.3557445446827582
0.244825280493214
0.2697646507904643
0.2919279413209075
0.4243724381639844
0.22544839787518695
0.2982529673193182
0.303200223084007
0.24868134391449748
0.3413156784871327
0.24108841518561044
0.26832755167214645
0.2627664664760232
0.22057958124648958
0.31641542725265026
0.19073888561910107
0.42027111582103227
0.236108489955465
0.32191189094668343
0.28353239675717695
0.34856187481255757
0.34265569579743205
0.2583401629789954
0.291349694398897
0.4001683793917653
0.396353676737774
0.2849064116765346
0.24188352801970073
0.355763278901577
0.2800297137527239
0.3040813293662809
0.25142588142660405
0.3132062418652432
0.19527142264303707
0.40334585921040605
0.21971691639295646
0.2780185429645436
0.20458315450343348
0.22162963716047152
0.41298970722016837
0.2885433466484149
0.36804203032737687
0.5955510027706623
0.2848018267679782
0.3235529272684029
0.4304118696156712
0.1882438954586784
0.3143275957554579
0.34450221673718523
0.2921336812987214
0.32729978522374514
0.29793457057149636
0.3843810929961148
0.21108941760446345
0.24690032732628642
0.20111362263560295
0.35119405796840075
0.3160716623422645
0.4112863505170459
0.37215295451737584
0.12692805619112082
0.33883809741763843
0.3101009367299931
0.24135565544877732
0.3131831753112021
0.23155616771518475
0.28644419869496707
0.4026296658530122
0.35493093480666477
0.278635084895151
0.3948280928390367
0.3950523397042638
0.42303313350393656
0.2509775859791608
0.35737666647349087
0.3190216396802238
0.29214125410431907
0.30269646866335753
0.3573758805259353
0.45188463248667265
0.15670817881999982
0.2954573908022472
0.2062252830891382
0.281831506639719
0.44088942606356885
0.40744954995101407
0.3404061343698275
0.3531026505155578
0.3003698331525638
0.2456724682734126
0.2667669497785114
0.2918103841089067
0.4136294766018788
0.387863924992936
0.22870785219683534
0.47750743407578694
0.38970814441286383
0.23215885655510993
0.3830037113456499
0.1821955894785268
0.2850606683641672
0.310066346966085
0.34715442004657926
0.17186546831258706
0.35273024439811707
0.3664510654551642
0.5857314008864618
0.5300492025202229
0.367697072259727
0.37468825768501984
0.13112675611461913
0.3317310455299559
0.30859089735895395
0.2055238519041311
0.2722662038036755
0.3398518605778615
0.277664637015689
0.2203616885734456
0.3348049140934433
0.16355456655756348
0.2503104166881669
0.381460492011337
0.27669978084131364
0.3033548230748801
0.28563773321608704
0.4041148725719679
0.28486672256674084
0.33293434152645723
0.34527942573740367
0.4097229969643411
0.2845046945980617
0.48160408268727006
0.4429701545408794
0.31520793134612696
0.31908018997914733
0.28004986446882996
0.3410869881155945
0.33738686002436136
0.20878243907576516
0.22885990612918422
0.15198581240006856
0.27511273537363323
0.4362463556407463
0.2362752468990428
0.40588861686133204
0.3451295979321003
0.2808565892101753
0.2937002100405239
0.5319523716434127
0.3522114424655835
0.3677119891203585
0.26229796469921157
0.37866231116155785
0.24394297568748394
0.3542061183779013
0.194785176998093
0.22415850453433536
0.2780856637372857
0.17781798435109003
0.1744134888230335
0.3428895083211717
0.33919149530785425
0.443688340485096
0.48288325610614957
0.38956210513909656
0.42054350017791703
0.28750719742051195
0.38767247035035063
0.3046146310599787
0.22080236788661706
0.30422921975453693
0.2852856809539454
0.3297561603997435
0.30892858494605335
0.4033128997931878
0.25960604810998555
0.25898646048846696
0.26924924587919596
0.24722864789267382
0.4244639023783661
0.2872255690218437
0.3550585616557371
0.21413783072715714
0.41387068906000685
0.18804539181292057
0.3639948329045659
0.2801705354026386
0.2431905817772661
0.2895849962674436
0.40869024280636085
0.1816940109378525
0.21801484442715133
0.1545190074081932
0.30682794457035406
0.2748673245798619
0.2817593354377009
0.26559339082312017
0.3598905306841646
0.3266775185863177
0.35718159643667086
0.21686434417608239
0.22796542046680338
0.2257782874983691
0.3925842363387346
0.18884010355742203
0.32250924594700336
0.20579660284732068
0.32778483717924073
0.2547205144628173
0.32731676953179495
0.32878517554629416
0.33531430913578897
0.2878687074629679
0.15980530290731362
0.2700676941091106
0.28014689435561496
0.2408389667980373
0.2400953703160797
0.34641409053334166
0.2720813189766237
0.2854995968795958
0.5167537132898966
0.29188770055770874
0.18611605740374043
0.34787765092083384
0.4594968394598081
0.23749220318027905
0.28184440625565393
0.3461476376368886
0.37765382132714703
