22.433611188616073
17.7190587634132
13.407790865216937
9.838804335821242
7.261661052703857
5.295639066469102
3.9130565382185436
3.1313800925300237
1.9830773685659682
1.4964169554767155
1.5236158754144395
1.2139312781038738
0.897550744669778
0.9835191986390522
0.8654683569357509
0.918965668905349
0.6935830556211018
0.799702413380146
0.8820739374274299
0.6216678534235273
0.6860503682068416
0.4644753432699612
0.6718847715251502
0.526981743318694
0.5387591114711194
0.549545671968233
0.5707244841115815
0.46626693861825125
0.394148917780036
0.36087390709491
0.47203393351464046
0.45485124949898037
0.4201451987028122
0.4599527363621053
0.361723794114022
0.40678774742853074
0.41084021844324614
0.7151148464708101
0.6247975265695935
0.42439502513124827
0.3674836515315941
0.5215671818171229
0.2653393713491304
0.2645148546213195
0.505687391828923
0.28916408210283234
0.35172942138853525
0.3263542086240791
0.46587405016734484
0.3830610492399761
0.35452809734713464
0.39699887413354146
0.437620256628309
0.5216912982009706
0.361889796597617
0.4374358260205814
0.333287113124416
0.2950064547005154
0.2392571916182836
0.3462750136497475
0.3027965385644209
0.34927785201441675
0.19923157440054984
0.38292045430058524
0.47800017574003767
0.47529481493291403
0.4941718333533832
0.2897141841905458
0.25486661351862405
0.29566105880907606
0.30277325541135813
0.3450696674131212
0.3898255050714527
0.30627568607174216
0.3909842645128568
0.2703879511072522
0.42056192528633846
0.24697418262561163
0.5423385114187286
0.4052697527887566
0.47745789197229205
0.3660129163236845
0.40202230498904273
0.2320071341735976
0.35286917883370605
0.3008912957849957
0.25361382571004687
0.6232818217859382
0.24536568112671375
0.28294349053785917
0.3505787111464001
0.3949635090927283
0.4583696410769508
0.2725479116752034
0.4156353778782345
0.24412919917986506
0.5199120335635685
0.32754710263439585
0.4044983974170117
0.5297754850415957
0.28214092641359284
0.29419795601140886
0.4913862446943919
0.4210190376532929
0.547230546673139
0.44681027886413394
0.28262512385845184
0.3615169788577727
0.4441412012314513
0.45222158162366777
0.3383032392178263
0.31508778283993405
0.3215941861271858
0.3194525914178008
0.32473342475436984
0.5738516676993597
0.47109732776880264
0.5033790788480214
0.3268995125378881
0.4027324528211639
0.3480686575529121
0.28410263882861253
0.2873189836030915
0.34884410067683175
0.3690871482803708
0.37365355839331943
0.46830584747450693
0.3003995737859181
0.4157827929371879
0.43602909325134187
0.49907471381482627
0.4337463907542683
0.30060204455540296
0.4440498628786632
0.32057468291549457
0.43683647869953085
0.3793153551717599
0.32097400990980013
0.4561800091039567
0.32958198258919374
0.5197037703224591
0.41452071851208094
0.3837494445698602
0.426940629524844
0.3457812618109442
0.36779381263823735
0.23156079756362097
0.43995989362398785
0.3953601244304861
0.3545658751612618
0.383771796311651
0.44826713168904897
0.431566775466005
0.3912036179431847
0.27362423496586935
0.38100297429731916
0.4463211652778444
0.24511405772396497
0.3449438400566578
0.507529570410649
0.32560112859521595
0.44581530065763564
0.48860713591178256
0.466524427490575
0.31781361393985297
0.5338937567458266
0.5103150762262798
0.3723642847367695
0.3999880507943176
0.41698395035096575
0.31854991064894767
0.5840651141923099
0.43759715876408983
0.45244322397879194
0.45252690623913494
0.3885562111224447
0.32084460290414946
0.4003220817872456
0.3550606911026296
0.32567936465853736
0.3806094584010896
0.30557049136786235
0.3975813825215612
0.37851048597977277
0.2722356307009856
0.3826477548905781
0.4500896703629267
0.22797849313134239
0.4394152728574617
0.39067313358897254
0.4012579847836778
0.49549453058058307
0.45736027792805717
0.400886391599973
0.3490227072366646
0.4302075771348817
0.37460184700432275
0.3701921289875394
0.45094167228255955
0.2842930393914382
0.2599916073183219
0.39107581618286313
0.38481771307332174
0.43520604960975195
0.3892294799997693
0.3103282809967086
0.3569223117970285
0.39375209382602144
0.4947467134112403
0.24009751883291064
0.27381654048249837
0.4360175954089278
0.30989686630311464
0.3759188925226529
0.3575561628455207
0.30523334585485007
0.379115301938284
0.2281955441548711
0.42604277478087516
0.3664867684599899
0.2749904138701303
0.2643756764453082
0.2415906618393603
0.37053054269580615
0.5223515015982446
0.35014320129439946
0.31816277369147256
0.3745325860523042
0.27930539402933346
0.3672389883015837
0.3807824140503293
0.47271166812805904
0.24658902166854768
0.4970490563483465
0.4747290856071881
0.41717738862193765
0.448315886869317
0.46023193640368326
0.44637881290344966
0.3408988501344408
0.27956765854642507
0.4055111472095762
0.34323911493023235
0.39681002958899453
0.4580762888349238
0.3307595043664887
0.5555882659696397
0.5712166762068158
0.42725617855432485
0.37467933925134794
0.26645762473344803
0.37596341258003596
0.4218956251584348
0.42731536144302007
0.3466880364077432
0.3370322961182821
0.5176716120470137
0.46871468353839146
0.2702307204405467
0.489019238168285
0.384378485558998
0.37200062580051874
0.3013934237616403
0.439894410825911
0.5005164659094243
0.4053051975511369
0.4004800926361765
0.3875165351089977
0.4834608164216791
0.4316856736938159
0.36849698424339294
0.5592767833953812
0.4589905550792104
0.3782393668024313
0.4088580102792808
0.471312671545006
0.2978698526109968
0.4670362554135777
0.34520991430396125
0.43014400558812277
0.3552488038937251
0.5032844493786494
0.4222924617074785
0.4045547195488498
0.5998020448854992
0.344916895031929
0.42122517863199826
0.4075047673568839
0.38267991017727626
0.3711222686937877
0.3959168032521293
0.34395321050570127
0.2568945231891814
0.32503231792222886
0.40525048119681223
0.30457145614283426
0.3599805972051053
0.36083206640822546
0.4465343075848761
0.27510866930796984
