21.918144453139533
18.017702148074196
13.629784629458474
9.785563151041666
6.616490772792271
4.404772327059791
2.9518960402125405
2.0675179220381237
1.5650605928330195
1.0149175169922056
0.9243536421230861
0.7471297418787366
0.5921256613163721
0.574676840078263
0.6047466862059775
0.6523281186819077
0.5373846132840429
0.4237403128118742
0.3772375549943674
0.5562121062761262
0.42792781282748493
0.4775887890940621
0.415369294938587
0.2912048832291648
0.3220670104381584
0.3621706955489658
0.34865913664301235
0.36841662582897006
0.3865787395763965
0.28907254799490884
0.31543396395586787
0.36055421119644526
0.271391304121131
0.4252173536944957
0.3736753460197222
0.33186835964165984
0.5503754111982527
0.3924336729659921
0.4391440522103083
0.26293117464298293
0.30764559656381607
0.5008540728262493
0.3331725055662294
0.2488194979017689
0.2793982002351965
0.2507991672803958
0.18693716238651956
0.18777265364215487
0.29336265119768323
0.32651741172940957
0.2717215081765538
0.3234559050982907
0.4692324359147322
0.39736158595908255
0.23395078842129027
0.3035900754233201
0.35261049724760507
0.38077485206581296
0.21490184395086198
0.3037683256857452
0.23309391444282873
0.383709875245889
0.40282003040469827
0.3796778842806816
0.35780557670763563
0.5168516284653119
0.3571165573916265
0.31418013306600706
0.1727257456098284
0.29326120435836767
0.19725253936346798
0.17989393864713965
0.1801811917019742
0.3232634036491315
0.31268952622832286
0.36294758284375783
0.19010572853897298
0.33774377316946075
0.31237151886203457
0.35212328125323566
0.3983621948531696
0.30689115751357304
0.28852320675339016
0.30033490088369164
0.3438885999577386
0.3816637671774342
0.28511575866668
0.21666103211187182
0.29572034698157085
0.35630725643464495
0.47833880063678536
0.3113401017728306
0.19837874599865504
0.2042230089150724
0.37667125268351465
0.24640031522583394
0.2231486980758962
0.34467165056793464
0.18875177665835335
0.23037017544820196
