21.15018249693371
16.316757338387625
12.80372769492013
9.177643480755034
6.726161105292184
4.782164352280753
3.3634165071305775
2.526382381007785
1.9642821720668249
1.8243434131145477
1.2084458072980244
1.1336760350636073
0.8195785858801433
1.0369034047637666
0.6290905858789172
0.7213961184024811
0.8034727818199566
0.7024431578105405
0.5686825187433333
0.5896131147940954
0.503379830292293
0.6353479772806168
0.40485262196688426
0.4707446630511965
0.4392880779646692
0.5217277904351553
0.3867118245079404
0.39446128053324564
0.43717927308309645
0.4488850065640041
0.6435029559901783
0.544871351193814
0.4781080817892438
0.4187801611565408
0.48620850681549027
0.31657829845235463
0.3603799378588086
0.47328552692419007
0.42723198305992854
0.3164386825547332
0.2924985656780856
0.3327923080041295
0.3981687185310182
0.5463211845074382
0.20284018559115274
0.31900473524417194
0.40860821980805623
0.3909710969421126
0.3252844375868638
0.42549258204443113
0.4468491936013812
0.41612017190172557
0.48700681648084093
0.3927455297893002
0.313423871639229
0.5849805928411937
0.4366555948342596
0.3317511397458258
0.49010590534834636
0.295263980116163
0.42282771070798236
0.40733867209582103
0.3834431763915789
0.4571696878189132
0.2895051779314166
0.3381966764018649
0.48464692082433475
0.46773944937047507
0.5521040399159703
0.27642211388973964
0.44831717227186474
0.34694109786124455
0.3007094258708613
0.4301238890205111
0.47653316741897944
0.534709340050107
0.33458872370067094
0.34548750129483996
0.3761436768053543
0.1895608582666942
0.41749297658957185
0.29531239186014446
0.36014198511838913
0.42053028373491197
0.35847745844650836
0.3996051819551559
0.2655889846029736
0.5082324601355053
0.30718156109963146
0.4497245370986916
0.3582230948266529
0.36316832066291854
0.39790978211732136
0.3379272697936921
0.5282614369477544
0.3532807007431984
0.3014768890681721
0.5227899171766781
0.35480382657122045
0.3501985711710794
