20.54780605861119
14.600264957972936
9.58641935530163
6.79957229750497
4.3861605780465265
2.9996500554538907
2.4781938308761235
1.8670219410033453
1.6258619456064134
1.2168764812605721
0.9821807287988209
0.8576700070074627
0.7683621999763307
0.6550152230830419
0.685390962376481
0.5344299979153133
0.6768963443381446
0.44505206992228824
0.4519908484958467
0.41962063170614694
0.5592827970782915
0.5199605765796843
0.375660357908124
0.4511691608599254
0.47480314615226926
0.5395741171780086
0.4783593880988303
0.3934549969576654
0.44201837870336713
0.3693584656076772
0.39867722225331126
0.33390229904935476
0.4627851233595893
0.3586024453952199
0.4440711580571674
0.30091991355376585
0.3955350812701952
0.4660392219112033
0.34532624589545385
0.49421413366993266
0.5390305292038691
0.4232000605691047
0.25978133579095203
0.22567855336126827
0.352577498093957
0.16416950665769123
0.36708310973786173
0.35556794454654056
0.4119397174744379
0.3797945146049772
0.24810275506405605
0.24295692961840404
0.33867719982351574
0.4102725711252008
0.5516123753928003
0.4303433936798856
0.4440579247616586
0.3156263698779401
0.3772131639222304
0.3473296257711592
0.26049539712922914
0.3584328629076481
0.24741988895194872
0.2886553742878494
0.4246356421638103
0.3540461579603808
0.2761914691045171
0.3001567693870692
0.541359995447454
0.4497008673137143
0.3718142763134979
0.4258006958379632
0.28998198963346933
0.45868652242989766
0.23762778210498037
0.42070350015447255
0.24655896709078834
0.28071034273930956
0.47012751797835034
0.28919298698504764
0.27956422702187583
0.36597337662464097
0.24999343107144037
0.3206192468780847
0.40310531322445187
0.3401750570961407
0.2750253149618705
0.2990362559046064
0.36022573496614185
0.3111868060770489
0.4407328651064918
0.27376904285379816
0.2558580597951299
0.4312474080139682
0.3089117847737812
0.2772127294114658
0.26879337642874035
0.30164287283661817
0.31784886210447266
0.3645064509695485
0.28949644549616743
0.2711653222462961
0.4107499271631241
0.3224671795254662
0.3930144907817954
0.3017038232868626
0.2855622311610551
0.304064243765814
0.30104912480428103
0.2065768800675869
0.265233768061513
0.35117948334664106
0.40837146536934943
0.5272301394669783
0.170124554030952
0.2772551591375044
0.2879891355655023
0.2994605004787445
0.21428208886867478
0.2683405267695586
0.448343665294704
0.40134991031317485
0.48670690205125583
0.3455262239135447
0.2817325819106329
0.4761155533293883
0.28854145029825823
0.355006972239131
0.31880092053186326
0.36106026314553763
0.35513980048043386
0.24574327752703712
0.40228404849767685
0.4468425547792798
0.3227900142470996
0.28498484194278717
0.2475777930092244
0.2904072858038403
0.4110018742226419
0.4070323205419949
0.3006477744451591
0.23589182849086465
0.5370545514992305
0.3460251426412946
0.3095669208892754
0.25066116061948596
0.27742252215033486
0.24458678119948932
0.31255935469553586
0.246696208914121
0.21999461789216315
0.27209382344569477
0.24532067341109118
0.295478099158832
0.3015843278595379
0.29384790254490717
0.4148980123656137
0.35220167719359907
0.34803571006549255
0.6355875139789922
0.4757687632171881
0.34061737447267487
0.42952542645590647
0.2936098174679847
0.44834779016673565
0.4399802981033212
0.3314068615436554
0.30443467661028817
0.43351811365712256
0.34941286283234757
0.2838772311806679
0.26205179804847356
0.3477623765135095
0.32212063554851783
0.3648928314270008
0.4360450676509312
0.3954371776254404
0.4048191890830085
0.4306140402775435
0.4341094619816258
0.3571836045455365
0.3613176771572658
0.3196781485208443
0.40762240457392873
0.18348606179157892
0.2782267201691866
0.1494170861939589
0.44613986497833613
0.334366466317858
0.3185188573385988
0.32319450103456066
0.3569044591415496
0.465989583038858
0.238705588948159
0.5034701685820308
0.3766109321621202
0.361063249231804
0.29539510873811586
0.2309392923045726
0.2540080091428189
0.24251717559638478
0.34460424818098545
0.18992663059561027
0.3483481149943102
0.23978506365702265
0.2032458120070043
0.40849633958368076
0.3206869487961133
0.2142362475749992
0.29128602892160416
0.38274941353925634
0.2697004856807845
0.2504861639546497
0.29923878654482816
0.3574058509298733
0.3436063599018824
0.3586437331423873
0.3242161144458112
0.30014700229678837
0.3551393322469223
0.4209141232782886
0.4417005722366628
0.2157100368113745
0.325305564062936
0.21811864702474504
0.3030647035865557
0.395091875678017
0.28873611285927747
0.3822736491759618
0.3496440876097906
0.3894270324990863
0.31484032777093707
0.3695567554483811
0.39908121366586
0.5061347126251176
0.3576833999582699
0.3255857158496621
0.28301929292224703
0.34953098823981626
0.22981486052629493
0.2117768432945013
0.3380313353790414
0.2753630326617332
0.3885014094412327
0.33166287484623136
0.2220134437084198
0.4436131857690357
0.32044561863655135
0.2785229381351244
0.32753464047397884
0.3850742532383828
0.210017970452706
0.3026004893084367
0.30715525097080637
0.35045093453178805
0.4153450262688455
0.416145065001079
0.364291152429013
0.47154323628083583
0.2504737057856151
0.3822766879484767
0.2486425625781218
0.42844611903031665
0.291645456637655
0.3645963810739063
0.3707733674950543
0.250469419218245
0.23281094538314
0.3706745443244775
0.2962568931813751
0.16123642772436142
0.3852591833897999
0.30026869147661184
0.23314450503814788
0.43211616167709943
0.25094133659842466
0.3710930475166866
0.3741258689690204
0.3087389486886206
0.25922058735574993
0.2486402638966129
0.39605147963655846
0.24777242807405336
0.3914060684896651
0.360193466146787
0.35387498574952286
0.31772274160314173
0.34690521684076103
0.28712825530341696
0.23351663422016872
0.4605816278074469
0.3547052705571765
0.27718836317459744
0.33858594333841685
0.30072214968857314
0.2655446713878995
0.2999576473874705
0.4429998912271999
0.2768198880588725
0.39763913662838085
