20.853174300420854
16.136366617111932
12.655301911490303
9.511671338762556
7.295576572418213
5.943702357155936
4.95877556573777
3.7524336519695463
3.8859720457167852
3.464672713052659
3.639437368937901
2.6154990025929044
2.665100035213289
2.52939502398173
2.560958839598156
2.2684453300067355
2.420999927180154
2.2419704596201577
2.3190826035681225
2.243822075071789
2.0556175197873796
2.2190485284441994
2.077906600066594
2.168255928016844
2.0367849355652217
2.014864370936439
1.9750557846966244
1.8773877762612843
1.6545767464808054
1.8351350625356038
1.994775570574261
1.6053521760872431
1.5297443710622334
1.5960276978356498
1.546571196544738
1.5783477482341586
1.5521431905882699
1.5672532632237388
1.5888325231415885
1.3460664295014881
1.4394985749607994
1.4973188227131253
1.481592977330798
1.5850531912985302
1.2582548416796184
1.447105816432408
1.551285017104376
1.4068526029586792
1.3374045973732358
1.4823738478478932
1.4078098024640764
1.4019325659388588
1.489270011583964
1.3392341463338762
1.4267998465469904
1.313004012618746
1.2154298360858644
1.318385979958943
1.355284747623262
1.456984729993911
1.3083652286302476
1.2962958543073564
1.2672960332461767
1.2906424715405418
1.4565626993065788
1.3439745945589883
1.1897517400128501
1.249976477452687
1.3201684284777868
1.163230170806249
1.239463448524475
1.512707619439988
1.319315017688842
1.502369687670753
1.086664277173224
1.2954539060592651
1.1503741138038182
1.2056479283741541
1.2808146334829784
1.1957336082344963
1.310025665022078
1.1311928942089988
1.1407850682735443
1.1583790523665292
1.1174636369659787
1.0426548251083918
1.6782889309383573
1.3502786940052396
1.2060694282963162
1.2791310605548678
1.191748130889166
1.4045499790282476
1.25346963036628
1.108080499938556
1.3334585030873616
1.2201296601976668
1.122500445161547
1.1248857180277507
1.1924902768362136
1.3378896003677732
