223.4810460163997
168.01338159121
211.81710815429688
164.03946766486536
162.9333340204679
159.8693666091332
198.4905520585867
157.706483400785
153.77901906233566
216.38762286993173
202.1560352398799
148.52688870063196
149.65326936428363
148.9008412544544
148.07598444131705
143.61695307951706
145.4918808570275
143.99438384863046
196.14627966514
141.54123723449615
143.42643490204443
143.79536505845877
142.97229130451495
150.0884917149177
176.2092265349168
139.17785080894828
138.24615639906662
139.38165142215215
137.81544995307922
139.5479554579808
206.7941338465764
138.8063075359051
140.32715472808252
138.87106018800003
139.71432920602652
137.63197939212506
138.51926946640015
134.1069580224844
138.8122633603903
155.64341049927933
168.88448427273676
183.11876240143408
136.48329107577985
192.59765249032242
138.19805867855365
139.3837195634842
134.21011765186603
135.53282835850348
137.24753130399264
137.90709433188806
179.36477274161118
137.52464120204633
132.56205909527264
134.65655715648944
137.87678090884134
136.34470890118524
142.05109357833862
140.4455272922149
139.43848470541147
139.36261140383206
137.21869389827435
135.13805655332712
137.6932554611793
137.31248021125793
138.15775462297293
135.88398823829797
136.58267991359418
133.15810410793011
134.77228986299954
134.14541990940387
139.54979692972623
136.0440372136923
135.53281633670514
138.44569319945114
136.19629744383005
142.25664652310886
140.63169633425198
138.1603952050209
134.73614305716293
156.90171082203204
138.25212520819443
130.475260248551
134.34330180975107
134.44583738767184
132.31236103864816
136.30155309347006
136.4613827742063
143.21463029201215
134.4727199444404
197.99213489202353
137.92327953301944
130.96672927416287
204.21353230109582
134.4877738219041
132.81396768643305
134.9933809362925
161.05716070762048
136.9585278905355
139.9652847968615
139.71483653325302
