177.71772648737982
180.08505601149338
168.56361037034256
156.71664296663724
157.32878376887396
154.35533538231482
145.58240846487192
138.39813819298377
141.55533596185538
126.58218303093544
121.1616621017456
116.02088638452383
117.42538190804996
110.21689400306114
107.01811258609479
106.923652612246
103.79863115457388
104.60391382070688
104.04803540156438
100.04309690915622
108.26954892965463
100.31418411548322
100.8416862487793
104.42349624633789
103.92075758713942
103.49374624399039
103.245545900785
101.57136249542236
100.09706438504733
105.67869303776668
105.58883402897762
99.7548341017503
99.61739378709059
106.93852057823769
100.1006896679218
106.10009633577786
105.09171236478366
100.0351688678448
102.86465013944186
99.35241963313176
103.92378997802734
104.50194197434645
106.78955459594727
105.52514296311598
104.21908319913425
99.97917233980618
104.68078701312726
99.98035225501427
103.86219362112192
104.94193223806528
101.93607168931227
104.98168064997746
99.0167631002573
102.6140973017766
103.87770315317007
107.95343289008507
101.22894962017352
99.05270415086012
104.41252723106972
99.34000587463379
105.97263923058144
105.10353235098032
99.75803609994742
99.6679521707388
105.04172618572528
99.55921657268817
99.94841106121356
103.7057922069843
103.04767931424655
99.13607450631949
102.92567517207219
99.19370812636156
103.75681569026067
98.99870843153734
104.13004567072942
99.19081350473257
99.68364319434532
102.13955204303448
102.17355273320125
105.82104330796462
98.88263717064491
101.36748005793645
102.7682434962346
99.85489478478065
99.6791820526123
99.66427054772011
100.59857265765851
99.75907941964957
100.24585782564603
107.10503049997183
100.20068858220027
99.03892179635855
99.1399097442627
102.43704957228441
101.33165946373573
98.73536828848032
103.23991438058707
99.58026885986328
99.23074018038236
101.33965873718262
108.1128479884221
101.02718235896184
101.08332120455228
99.18170518141527
99.32122802734375
108.82798884465144
99.96979522705078
103.59882237361028
99.32231859060434
104.73525956960825
99.28115551288312
98.90467357635498
108.85672569274902
98.8840117087731
101.06060512249286
100.53409671783447
102.19605431189903
99.31745866628793
98.98928634936993
99.21179624704214
102.42536148658165
99.51837825775146
100.0270526592548
100.39431278522198
103.01776695251465
100.04817947974571
106.03911209106445
99.02099521343524
103.39238379551814
101.11535116342398
104.01162030146672
98.93749589186449
99.76573907412015
103.22648532573993
99.78483977684608
105.79163976816031
102.3714599609375
101.95612775362454
102.96572670569786
99.68699381901668
101.73791239811824
101.3500753549429
103.97878602834848
101.02592424245981
98.76932760385367
99.2833315042349
106.5274841602032
100.77144270676833
101.2571155841534
107.72137436499962
99.20605600797214
103.58108139038086
99.58539889408992
102.93620036198543
99.95953779954176
99.7766766181359
104.09108646099384
109.0949632204496
100.32338127723106
104.75981462918796
101.1281623840332
98.71086135277382
101.4837709573599
98.97971637432391
99.00400616572453
99.39454929645245
103.68525930551382
103.89193608210637
107.34248410738431
100.8655518751878
103.52278724083534
101.09052012516902
99.91594255887546
99.45916234529935
99.16746579683743
100.02921368525578
99.45051941504845
99.26335334777832
105.03816457895132
103.40985782329852
106.54374577448918
99.3690672654372
98.72205316103421
107.60504033015324
100.81222944993239
102.37733664879433
106.22361417917105
101.44174223679762
106.08620364849384
104.61095545842097
99.5591713831975
104.48939983661359
101.53865242004395
99.32118958693285
106.37232516362117
104.16706921504094
104.81498850308932
103.55866256126991
99.44475570091835
100.5561414865347
103.38837506220891
106.46943635206956
99.43297694279597
103.94625605069675
103.48421287536621
102.49944364107571
99.23899621229906
99.23222805903508
110.08094112689679
107.03570175170898
102.47029495239258
98.79146055074838
98.94078636169434
99.20932491009052
99.60332525693454
99.04152327317458
98.89234205392691
99.17761905376727
105.86952209472656
99.48044057992789
100.13638936556302
98.9720555818998
110.15446120042067
101.28094115624062
109.25029505216159
103.78639558645395
99.35557534144475
99.35613221388597
99.29324971712552
101.80060225266676
98.88073348999023
102.40785804161659
99.7506046295166
98.8037651502169
101.53598374586839
99.81707704984225
100.57918798006497
104.1198564676138
104.12932850764348
99.37730319683368
108.1839783008282
103.5531487098107
107.4022652552678
99.24879103440504
99.06261620154747
99.20648208031288
100.91274921710675
103.68375924917368
100.18832426804762
99.12399658790001
103.61828657296988
98.91202149024376
102.88454202505258
99.19368127676157
111.32942493145282
100.43120662982648
102.24129867553711
99.39656110910269
99.2662960932805
105.66943432734563
102.97208580603966
107.63280633779672
105.19890829233023
98.80964015080379
102.44681607759915
98.89960487072284
100.90312767028809
104.04280207707332
104.00031573955829
98.91242276705228
98.98365064767691
101.00832102848933
100.58165652935321
103.1586699118981
110.99938671405499
100.3965070431049
99.96928156339206
108.90677290696364
100.56677158062274
99.83137915684627
99.00207563546988
103.44540170522836
100.5602786724384
100.67755860548753
98.6837381216196
99.14857526925894
105.15525436401367
99.89254349928636
103.87471932631273
104.15130321796124
103.6817530118502
101.11039176354042
99.2968663435716
101.66438352144681
99.39536512815036
99.31490223224347
99.54331896855281
104.73961448669434
100.28231356694148
100.93014320960411
