21.18651499067034
14.930800982883998
9.094566504160563
6.128098204022362
4.567760090033214
3.4850228542373296
3.576593041419983
2.7732414390359605
2.2864940904435658
1.7178895587012881
1.4301995918864296
1.395723963067645
1.362019908570108
1.050090199425107
0.8199286829857599
0.850932369629542
0.8877278204475131
0.8410754388286954
0.7171825262762251
0.816189787927128
0.6800555828071776
0.6780723035335541
0.6840697977514494
0.5771897293272472
0.5261189492330665
0.6302289661197435
0.41274957323358175
0.4600154615583874
0.4188988357782364
0.40746076795316877
0.4213463211698191
0.394770306845506
0.4754914889732997
0.3946117694888796
0.40693153919918196
0.29858660981768653
0.35614878826198126
0.40746426662164076
0.43578322125332697
0.1773993642557235
0.5454821057972454
0.40805912691922414
0.3037825067128454
0.329765865934037
0.26878024646568865
0.23344928558383668
0.22240913854468436
0.18089518421107814
0.29799151367374827
0.3229533600665274
0.23273129335471562
0.30118082827400594
0.24317836282508715
0.30672677765999523
0.35277439715961617
0.3781678807877359
0.21064241532058942
0.2328255240406309
0.2907724297117619
0.20581110504766306
0.21655424870550632
0.22328946593084506
0.26790291993390947
0.2478757364054521
0.26489349224028136
0.28430899631764206
0.26297206422757535
0.29289191943548976
0.2253036034249124
0.23101295956543513
0.20991666703706696
0.3547411974342096
0.1783421937198866
0.21247448302095845
0.3376834534463428
0.22745416526283538
0.33614912948438097
0.24404333478638104
0.3103815567280565
0.30847137119798435
0.32811023525538896
0.2058583636369024
0.29563451345477787
0.25005149584086167
0.2597524192006815
0.31164072669066845
0.3078855966173467
0.16690054447168395
0.2619857042140904
0.35040764164711746
0.3213251596760182
0.37005255229416345
0.21156589296602069
0.21058955841830798
0.1867159427631469
0.23717755948503813
0.1954625899504338
0.34946526613618645
0.2831067889928818
0.4220266477426603
