168.4179527576153
166.6616603411161
167.2137062366192
163.85058799156775
164.81883907318115
161.3563220317547
164.15491034434393
160.37308964362512
160.0983985387362
226.52004645420953
160.23327409304105
161.59982905021081
157.5385853281388
209.8108324270982
157.07001887834988
173.11320895415085
157.11646289091843
206.3189409329341
160.06206640830408
156.38119631547195
153.73821610670822
154.50909474262824
154.83992385864258
152.10211893228384
153.10452971091638
152.90529163067157
154.24455761909485
151.71971640220056
205.11589899429907
153.75038763192984
148.075368642807
150.79255933028
148.56321828181927
206.71019014945398
148.30910495611337
148.39346606914813
148.41217305110052
147.72357078698965
145.2853639125824
149.1304963185237
145.8416018486023
144.96533472721393
141.87403800854315
145.2100901236901
144.76130392001227
143.19069583599384
142.3257191364582
141.92693240825946
142.92547009541437
143.7514709509336
138.5987373682169
138.90080983822162
141.32662894175604
172.1446572450491
141.2113149716304
137.43371948829065
139.0909646841196
140.01600643304678
193.1516886124244
136.3203787253453
135.19094606546255
137.75622852032
137.98106137605814
190.4881581893334
135.68157660044156
134.4061951637268
133.1215009689331
135.2204962510329
146.61470248148993
131.6685637143942
149.73702735167282
133.4642004416539
133.13035739385165
130.21223557912387
130.6261425751906
128.03358736863504
197.0645626783371
127.0743599488185
145.81355116000543
124.25544912081499
124.53178100861035
127.79138571482439
125.09636840682764
178.19812390437494
125.59815736917349
127.25116537167476
128.8478692494906
124.81056549228154
123.6063954279973
124.67618835889377
128.63799069019464
119.77121211015262
125.46802421716544
121.40788420347067
118.00747678830074
124.58834001651176
122.15548091668349
122.02678733605605
121.89078258092587
126.9399397464899
121.26638313440176
119.8056629896164
120.8269898203703
117.61196648616057
120.57733568778404
176.5223705310088
119.59249179179852
120.84170836668748
117.3964254305913
121.90617918051205
125.02457961669334
123.29478758115035
118.65790688074551
120.06158775549669
121.80669382902292
117.16016917962294
119.57705442951276
118.96288190438197
121.23349500619449
121.22864730541522
121.06447300544151
119.3655599814195
178.48222047549027
123.44544155781085
121.42440647345323
174.2375398324086
119.03882469580724
115.4376865533682
118.39342148487384
117.53876915344826
122.06479592506702
115.44809308418861
120.71857085594765
169.74318702404315
118.58640463535602
119.40284685905164
122.15807133454543
118.10879950798474
177.34427984861227
118.23178605391429
115.05543210873238
123.33965829702524
119.74034507458026
126.49039839781247
115.15300057026056
123.09637584136082
116.4616686953948
117.76083224553328
120.26962109712454
187.51246659572308
