21.725921284068715
13.999384793368252
8.914929346604781
5.5830771272832695
3.4188049381429497
1.8849569450725208
1.1710128621621565
0.6735400408506393
0.36184497448531067
0.34715269912372937
0.16912032680755312
0.13280698216774248
0.18197301267222923
0.2080218056216836
0.08876501447097822
0.18127843703735957
0.12822537191889502
0.08761216869408434
0.11008919707753441
0.16682190735909072
0.10492129259827462
0.07867703586816788
0.10636206716299057
0.1156896755776622
0.14424151139841837
0.10989930379119786
0.12781410054727035
0.07114449609071016
0.07238596059720624
0.09527471466836604
0.03338997235352343
0.07060432789677923
0.11930111016739499
0.16271845623850822
0.14397712839259344
0.1946037124673074
0.05571939753876491
0.15315492247993295
0.059532528912479225
0.16725323992696675
0.10261613706296141
0.13681681526147507
0.08656223694031889
0.056428125001151457
0.20368215534836054
0.06058706817301837
0.04512781455096873
0.08154766701839188
0.061461270109496334
0.1168022050776265
0.17783442723818801
0.06689225450496782
0.130774471570145
0.12298932413316586
0.0808597792955962
0.1197666498747739
0.12171096769584851
0.08869464077394117
0.02066401866349307
0.05913417079401287
0.07877972823652354
0.06816084039482204
0.14430954290384596
0.06778234302658927
0.10663174482231791
0.06863201164047826
0.09551348236643455
0.06780710062858733
0.0854807301339778
0.05804540056057952
0.12491864986209707
0.1248522921550003
0.06233307118104263
0.14176496126773683
0.06963465295054695
0.07163091926750811
0.0699385278434916
0.04764941741119732
0.03530627971684391
0.08553035464137793
0.10011244362050836
0.04006887565959583
0.1334927253509787
0.08108391595835035
0.1239546017551964
0.06113301336087964
0.0839888011528687
0.050990302793004295
0.07285318773409183
0.09419706243682992
0.08813869140364906
0.08336354919116605
0.14000048738142307
0.02821654894135215
0.15849672380665486
0.08009170520712029
0.1087553782642565
0.08242749329656363
0.05841652295467528
0.08995376815172759
0.11858121221038428
0.10695378092879598
0.10882375689900735
0.0941477572884072
0.07218131947923791
0.059451543260365725
0.06469922597435387
0.04659678310748528
0.12328181805258448
0.10285352136601102
0.09918963773684068
0.07093852580609647
0.10890344900756398
0.1446499704298648
0.10283562219278379
0.08940186029808088
0.061450318518010055
0.08888953475450928
0.08297168374569579
0.09484167481687936
0.11005838664079254
0.03743479523638433
0.16174073589288376
0.09019991065460173
0.14403192135928708
0.15405130246654153
0.07461701820350507
0.11126578726213086
0.1067726905034347
0.05394317501817237
0.086666866120967
0.08623045069080862
0.15705160508778962
0.07248253248293292
0.05674342006783594
0.07813737499104305
0.061448592226952314
0.10065954633649778
0.14984602862122384
0.028831453358923845
0.10483728010546077
0.128802312199365
0.09972468746656721
0.028234528123655102
0.10484849064695564
0.05381923770024018
0.10754277421669527
0.06799383715472439
0.10785660325464877
0.06883704704655842
0.1291700852188197
0.05377753955227407
0.09288170874457467
0.054876713759519836
0.07040350731800903
0.0797685594721274
0.16130381424657322
0.09804355835711415
0.10111519838259979
0.08501298192211172
0.08776496553962881
0.07875136252154004
0.03597432432103564
0.09945533102886243
0.07025880104100163
0.04157928931950168
0.055683663453568115
0.06305969912897456
0.09572984760796482
0.1544844088229266
0.097899174741046
0.06430034568025307
0.034171583046290005
0.05659423213960095
0.033390681597996845
0.11672563173554161
0.1592151440934024
0.04175194782543589
0.06067474990744482
0.06611504122106866
0.08559747006405484
0.062060855075039646
0.047225097278979694
0.08843149659647183
0.12499756924808025
0.07250360471450469
0.0514083013615825
0.10458272797140208
0.046487193131311375
0.04799337270246311
0.08956190630454909
0.11221373140473258
0.07962671481072903
0.08982128099623052
0.06836259094151584
0.09445654617791827
0.0500322739509019
0.06234984751790762
0.11410406452010978
0.08995976908640428
0.06559710653329437
0.08240951809354803
0.06828716092488983
0.06934546780857173
0.10607537860050797
0.07409347305920991
0.07276158534329046
0.050862202822992746
0.12027090110562065
0.1130379145456986
0.06554908284240148
0.06718523317778652
0.08686561687764796
0.11043716351162981
0.14003976696932857
0.04985971363600005
0.151378280821849
0.050933376462622124
0.04606074192137881
0.10206581288101998
0.025247886099598625
0.16396840340034527
0.12622452738948844
0.05162916734645313
0.1228814074261622
0.09608281551944939
0.16997658512131733
0.15537996154109185
0.0599117010239173
0.05597947605631568
0.038227935998954556
0.04461979561231353
0.046254615553400734
0.08540658477101136
0.07518288924951445
0.0697346695868129
0.0551648078570989
0.06819483714008873
0.1828480867499655
0.0735120994292877
0.14854768087918108
0.0641053964129903
0.05975160349837758
0.15466700638221068
0.04324627413668416
0.06727269901470705
0.057291870174760166
0.11579325871372764
0.10888331671330062
0.10474650684574788
0.10144608603282408
0.14206123250451955
0.09179396419362588
0.0571979945525527
0.062036816708066246
0.09194705681875348
0.1104127054356716
0.09681938288056037
0.1107945686883547
0.0709347492930564
0.12383565814657645
0.10003279424695806
0.06973602842878211
0.12865899951959198
0.06290993754836646
0.043938369828869
0.10870957281440496
0.10889605178751728
0.1124462920495055
0.18350679154338484
0.047048427926545795
0.1072786467319185
0.12671724579889665
0.048906605479053476
0.07884388052943078
0.14092847306958653
0.09150644099678505
0.06775359682400119
0.2081147154623812
0.09789681193334135
0.06653396802192385
0.09101382507519289
0.057687692259523
0.08343291409652341
0.14596947392618115
0.0821575451303612
0.026510817210443995
0.057646619325334374
0.06123170006850904
0.05050322510810061
0.1264771714975888
0.053418679501522674
0.053606870414858517
0.06470093071799386
0.0593442844057625
0.06975224292413755
0.10470226144587452
0.08402349545874378
0.11564128388735381
0.0757794330235232
