19.631635847545805
12.859240350269136
7.927710658028012
5.233067637398129
4.327188696180071
3.02682165872483
2.278536271481287
2.3063468762806485
1.8276502575193132
1.516231153692518
1.1913819256282987
1.1600993758156186
0.9054016598633358
0.959186927193687
0.9269555395557767
0.8058801470767885
0.6973360429207484
0.6386136157172067
0.6438931616998854
0.7850259805009479
0.5654109233901614
0.3834324223654611
0.4510118421167135
0.3864531396400361
0.6717914538014502
0.6805991276743866
0.5013920799607322
0.45978711261635735
0.39777024888566564
0.38063534659643966
0.3888585349278791
0.5818252077414876
0.4899289920216515
0.328406837724504
0.2174399986508347
0.26489935584721114
0.43558371013828684
0.3234886169610989
0.4131197604749884
0.3346834232409795
0.33337421537864775
0.3952111875017484
0.5790649514113154
0.263974902707906
0.2829136342874595
0.43921297256435665
0.41196041376817794
0.2533220262044952
0.44686424093587057
0.3258683629156578
