4.601070534099232
1.1995365294543179
0.925760106606917
0.5748841708356683
0.5074049180204218
0.27270213582298974
0.2318063039671291
0.2217384007844058
0.19887276366353035
0.13997910578142514
0.09663176705891435
0.062493025409904396
0.05461726371537556
0.05354093540121208
0.03810626539317044
0.05001435073261911
0.04072777909988707
0.04437010125680403
0.03159507838162509
0.03929656219076027
0.025649387770417063
0.038346115542067724
0.021879042498767376
0.015175197612155567
0.02233457218178294
0.012331534388729117
0.015695895407010208
0.014716406839645722
0.017931545809419316
0.021813001949340105
0.012384843165901575
0.015089849856766787
0.020310053855858066
0.01500109498473731
0.01979783626103943
0.01515491052784703
0.02362682158127427
0.017315810503946108
0.017854432363740423
0.018854604250836102
0.024199405346404423
0.012146896301684055
0.014373666670342738
0.014233681140467525
0.016502937047996304
0.01637628162279725
0.01778542504391887
0.020413156133145094
0.010883538475768133
0.012866136575625702
0.01566682755947113
0.014657554851675575
0.018340599998323756
0.013495019044388424
0.009641810510815545
0.013087253975258633
0.01567464586432007
0.01253050138157877
0.013716031627898867
0.013257059607316147
0.013570839793167332
0.013935781634328041
0.01165686221793294
0.012947312725538557
0.00959695532748645
0.012459170115603642
0.012983807701278816
0.01582622608508576
0.017772893675348976
0.013687368397685614
0.012718981851569632
0.01194139781662009
0.018346913328224964
0.015014535493471405
0.019015632061795754
0.01777303083376451
0.011099273677576672
0.008712011484683237
0.013420570027929816
0.008815803353420713
0.013030370739711956
0.010668432255360212
0.015984359112652866
0.010450685185126284
0.02511489212470637
0.011390457353131338
0.027417086869139563
0.013425926931879738
0.015044728844341907
0.006038117434152148
0.01150825238701972
0.012936792537485335
0.01725254408930513
0.013991564491086385
0.011627024399455298
0.010791583695787598
0.01417947025038302
0.020706423727626152
0.021500930698080498
0.015728387600657614
0.016113502650775692
0.014458977278660644
0.006200130288065834
0.010923005047846924
0.01352309575304389
0.024717970200898973
0.012128579895943403
0.009003766537220641
0.011267048137431795
0.008579489775002003
0.011900336079468781
0.010202997660433704
0.008966815171085975
0.012653384019028057
0.01617236185649579
0.010352051848630335
0.009774313900958408
0.010457367572764104
0.011203563073650002
0.010385859143835578
0.01652720991776071
0.010814359030601654
0.012996136020361022
0.015923756005411797
0.016586234475570647
0.017668618185614996
0.008490030357444828
0.0101181581531736
0.01529218243773688
0.016452848233959892
0.011595444478602572
0.010538097174668854
0.008324874120510438
0.017683723094788464
0.016602690881964834
0.008853375869379803
0.01404904766770249
0.018456136384470898
0.016093014273792505
0.01365638380362229
0.01127333033152602
0.008998011577535759
0.011236855717883869
0.017980637028813362
0.009334021565419707
0.008998470063405957
0.008286230668256228
0.014742551456120882
0.01489302854646336
0.011254650900479068
0.014840813014994968
0.017707930496809157
0.012813531243326988
0.016371767078949648
0.00891279640861533
0.0094695071562786
0.01559910440648144
0.01213596710427241
0.009991035712036219
0.006589068248021332
0.009182572555304929
0.012417803179811348
0.009108112489973957
0.009023401378230616
0.009478734869679267
0.018142768732187422
0.011912716467949476
0.014995202041146431
0.009493258443068375
0.009782547745007005
0.01027376124296676
0.010137108196927742
0.014857771129093388
0.011719003446738829
0.013541920618577436
0.012643533293157816
0.016150495058602908
0.01092583601447669
0.01094751309772784
0.009866113393482838
0.016647214577956634
0.014043806522915309
0.01478353168138049
0.01910011013123122
0.009525853950022296
0.012078132057054476
0.010180611248043451
0.013721010605381294
0.025506465791047296
0.008893650469624183
0.011803983837704767
0.015165759187022393
0.0069564683574505825
0.011574084362523123
0.010449140512553806
0.00897642409174957
0.010999982287599281
0.013463439123535698
0.022445263849063354
0.014037717557088896
0.02374370616268028
0.010507157940248197
0.011760782281106169
0.008469660724089905
0.014281020351600919
0.011402584612369537
0.012976438950069925
0.011707837651060387
0.010390261442146519
0.018059709723192183
0.015839880036020822
0.009544446344741365
0.013603676491501656
0.011279171417382631
0.00968916489827362
0.01835648635063659
0.010728016961365938
0.021580607841976664
0.007662540301680565
0.012536040041595697
0.010009845591742884
0.012754675530066545
0.014309488998895342
0.013654482931914654
0.01456221112642776
0.00973718700168485
0.012972482268444517
0.014883283568038181
0.01100338881158016
0.008991052057932724
0.017026248345659536
0.009025197793644938
0.014602628430690278
0.019054748329587957
0.009922950062900782
0.013802450340749188
0.016232573850588364
0.011308168569071726
0.011745905207300728
0.014885783195495605
0.012443027882413431
0.008540523217313668
0.012961352328685198
0.011978581441905011
0.014275576326657425
0.007833087372339585
0.019635275133292784
0.012828473933041096
0.011198335284875198
0.015128185972571373
0.009709654756906357
0.01282550302990289
0.013401612046767365
0.009391938378526405
0.008281296076761051
0.014907511501488361
0.010099315169182691
0.011985715436325832
0.017545167949389328
0.01207282963547517
0.011016349625689063
0.00907198716463013
0.01159652288664471
0.01669257709925825
0.010737055404619738
0.01218300814401697
0.012892549730498682
0.02192756470123475
0.01628822875632481
0.01294985525733368
0.012272198345850815
0.007561585125090046
0.014729927357455546
0.014377686724236066
0.008557298390025442
0.017139611427079548
0.014165990054607391
0.007593334483152086
0.01359136825935407
0.010253958319398489
0.012242479334500704
0.009910339955240488
0.009110419545322657
0.012577037877318535
0.011705308919772506
0.016648584553463894
0.009652292885055596
0.014630649789151821
0.015446399931203236
0.014092304786159233
0.01111303380986845
0.010574703887951646
0.009427846197716215
0.01196868061511354
0.01775388838723302
0.00901485849383541
0.018516154197806663
0.01696529626761648
0.013406904160299084
0.01088711529419842
