170.49664585406964
200.89064220281747
159.53789417560284
185.20237849308893
157.43816760870126
151.55501948870145
189.79026556015015
147.4364175246312
147.5233298081618
147.15284292514508
141.8425401357504
140.53607305196616
139.78369252498334
192.66876206031213
141.37298013613776
192.04323042356052
137.32673087486853
136.72072579310492
133.33456552028656
134.54372257452744
131.62103793254266
135.39507242349478
129.87250471115112
133.93471226325403
151.8618597342418
141.2369371010707
131.82874061511114
128.7355131644469
172.22652522417215
130.351053916491
133.1180973144678
128.9291752714377
146.42932368241824
129.15779288915488
129.979260297922
127.72025401775653
128.37754754836743
128.93896532517212
129.65237597318796
127.18468123215895
132.30306015564844
126.42970994802621
124.59071233639351
157.28087898401114
181.1080346932778
162.45075768690842
130.31249756079453
128.0042885725315
127.36599990037772
125.64916284267719
143.76144662270178
127.73476459888312
130.45515008156116
128.73941645255456
127.91721782317528
131.13990607393833
126.64414364558
128.60170888900757
128.45652891122378
183.2220974610402
127.19904541052304
125.56227982961215
128.20487811015204
130.49822408419388
136.25819068688614
128.44294212414667
123.55609629704402
121.88059563820178
128.3581532239914
127.43715767677014
165.38849673821375
129.21964500500604
127.00976122342624
194.41332234786108
127.63136449226967
127.9184425519063
128.68112934552707
125.16192118938153
127.20941851689265
125.67477947932024
126.36754929102383
126.55402436623207
133.99960319812482
173.96975311866174
129.28205605653616
128.88068834634927
145.6184265063359
148.31428488401266
134.4255021076936
129.13885754805344
126.44833021897536
125.45536149465121
128.96178030967712
182.4264019360909
132.69303851402722
128.16193872002455
131.50015077224145
127.59438494535593
129.06542033415573
126.4340969324112
