174.60030350318323
166.09239666278546
170.9306612748366
152.93463750985953
151.2368984222412
140.19912562003503
140.10860164348895
128.94269150954025
126.12608513465294
126.33927301260141
112.77197852501503
107.59075195972736
104.64331084031325
102.85709366431603
105.24036407470703
101.91023804591252
100.47774711022011
99.42162821843074
99.76252130361704
102.5166983971229
98.60189687288724
102.35590934753418
99.09603991875282
98.78953647613525
104.480621778048
99.61938997415396
98.56155909024753
103.95256614685059
103.63075586465689
99.19781450124887
100.60701003441444
98.69358253479004
99.20844459533691
99.2874767596905
99.85835104722243
99.45888416583722
103.81741685133714
98.99413592998798
103.0656846853403
98.6145185323862
103.35652175316444
99.89365548353929
106.30154587672307
98.96123768733098
99.11180012042706
99.7845774430495
103.41758463932918
98.90206916515643
99.62567747556247
101.29270113431491
101.28761130112868
104.48672925508939
104.22268500694862
107.75391387939453
99.6294300372784
99.25040435791016
106.02209384624774
102.7977079978356
104.77907635615422
103.70663950993465
99.30194913423978
98.51954716902513
98.71314973097581
99.52018781808707
103.06758264394907
99.04878190847543
105.89741809551532
98.78889861473671
106.71176411555363
102.80617083035983
103.68280586829552
100.6762070289025
100.22232965322641
108.6176144526555
100.30426758986253
104.04003832890437
100.30835782564603
104.28355730496921
99.66441653325008
98.63425078758827
104.02326246408316
101.73977837195763
99.6125018780048
99.47707440302922
104.41243068988507
101.49068480271559
99.99129984929012
103.6817993750939
99.00381777836726
102.19612679114708
107.51681723961464
104.15553503770094
98.92080189631535
98.80135565537672
100.85101729172926
100.98815727233887
99.89577616178073
108.37449220510629
100.46399718064528
99.36399459838867
