20.61667723882766
15.73304594130743
10.44370798837571
6.91745054154169
4.678903014886947
3.4436774197078885
2.8068335964566185
2.2813214489391873
1.935653492098763
1.347521844364348
1.026163745494116
1.0467912412825084
0.8510786252362388
0.9722358825660887
0.7932768286693663
0.6853569760209038
0.41569249083598453
0.5706318453663871
0.715070345572063
0.5368222679410662
0.5216082238725254
0.44778814840884434
0.5567033234096709
0.6101995179695743
0.4808619753235862
0.5672666909439223
0.6198794036394074
0.42350522251356215
0.46832735410758425
0.613078932322207
0.386081905237266
0.36937558331659864
0.3999650755098888
0.3580008308802332
0.46160714807254927
0.38738045947892324
0.38183440090644927
0.4474407785705158
0.4372910371138936
0.37893631735018324
0.3803964730884348
0.4896812786658605
0.2691510926399912
0.5078675369066852
0.44130161085299086
0.37111907523302806
0.27016726278123404
0.42223623607839855
0.43126494135885013
0.421231006582578
0.3269066501941
0.687974856368133
0.3352915087626094
0.4184918352181003
0.37575492085445494
0.35081027457047076
0.5111466192063832
0.2773993637944971
0.25119031061019215
0.4467439062538601
0.2119969997022833
0.31910983322276953
0.41171978697890327
0.443628726793187
0.28948790083328885
0.37657763928707155
0.266014666252193
0.343537174874828
0.34903197912942796
0.4389135294726917
0.2895543360639186
0.5060764040265765
0.22383605688810349
0.21327454241968336
0.33203450342019397
0.3468548435540426
0.39505929836914655
0.46860262467747643
0.3753995190241507
0.37672475574626807
0.4289665523739088
0.4106864705681801
0.3907822398025365
0.3911904990673065
0.3623341407094683
0.47030941113120034
0.34925836803657667
0.3433134374873979
0.2709309248519795
0.4072842952750978
0.39780852624348234
0.31136955356314067
0.38260601389975774
0.45348096177691505
0.29074047168805484
0.27671146188818274
0.39824815112210454
0.3673690337510336
0.30771851504132863
0.5307452277768225
0.44962376821786165
0.3178708329796791
0.22145200857803934
0.3327219301746005
0.3844204674519244
0.44200377113052775
0.2515028682315633
0.3393365256488323
0.47737286364038783
0.2633565478026867
0.28369608698856263
0.3714963226091294
0.4736906715801784
0.3401849749719813
0.33130195470792906
0.33509395209451515
0.5243606885806436
0.41461690160490217
0.25160911288999377
0.3160280922339076
0.45097638808545615
0.37485297787047567
0.5518459558841728
0.2914940934805643
0.31085420754693804
0.27360119564192636
0.23956373369409925
0.29297526606491636
0.34017038753344897
0.43428510888701394
0.2992978213088853
0.4042901597207501
0.342526709040006
0.4313688519455138
0.3062295431182498
0.3153572863056546
0.30236430430696126
0.30754783084349974
0.3228740298322269
0.39496644657282604
0.5102805332058952
0.337806548923254
0.49096404299849555
0.42574860262019293
0.38442670678098995
0.2785162886693364
0.5249834388849282
0.4133874922990799
0.3466665588674091
0.3596156468348844
0.35733922854775474
0.3853003706428267
0.28617176821544055
0.38507064449645223
0.37140645406075884
0.40351811202154275
0.35726068701062885
0.5606786317768551
0.3021465001982592
0.2903406916274911
0.36933945687044234
0.31399550821099964
0.4136377133074261
0.4583784531624544
0.25502154674558414
0.39228796107428415
0.3583677246102265
0.3661016124699797
0.43391659625229384
0.4286725599141348
0.3420990116539456
0.41316481378106845
0.44824227318167686
0.2628561966121197
0.3531424357067971
0.342899878464994
0.3686542581944239
0.34496742992528845
0.3796391776275067
0.42728552364167716
0.42778866596165155
0.37192296449627193
0.3032798125807728
0.24788161952580726
0.30590136996692135
0.2692818471363613
0.4013931779634385
0.2997198445456369
0.49165419719758485
0.24136778481659435
0.25306427265916553
0.39100695827177595
0.37830958586363567
0.3495987193392856
0.28253304958343506
0.45164056140042486
0.5026501509405318
0.4298445763332503
0.4598679134533519
0.2327236384153366
0.2968483975245839
0.4347964370889323
0.28840703126930056
0.3276693242646399
0.4776724392459506
0.2763276179986341
0.30816706269979477
0.41669373569034396
0.3586196613808473
0.38521607326609747
0.5030952912001383
0.21826843793193498
0.4546516069344112
0.34051847599801566
0.4036897254132089
0.34536062535785494
0.2568408374985059
0.4615307498191084
0.43035011632101877
0.39569410575287683
0.4336364446651368
0.562294483539604
0.3710739119421868
0.4101163867328848
0.28489368763707934
0.45651583710596677
0.3270296819862865
0.3752626535438356
0.3742321729660034
0.3043491334787437
0.35313834498325986
0.3171285999317964
0.33372230934245245
0.5258851950722081
0.3965170305399668
0.3564902948481696
0.3047162750292392
0.4885828444911611
0.4553739217420419
0.47201019969014896
0.3303168821370318
0.3787826756458907
0.3881380306113334
0.5079604580643631
0.3339478976669766
0.371998379273074
0.5959879088969458
0.31127070263028145
0.2394342747117792
0.3224381355657464
0.6752786510402248
0.4576837828471547
0.31793928146362305
0.42125203815244494
0.2670700072887398
0.32245478548464324
0.44254112988710403
0.5048137693887665
0.2980998818363462
0.3129148268628688
0.5305695653937402
0.5500106634128661
0.4828399911168076
0.27014146417024587
0.4275374738943009
0.27518839743875323
0.3074045842956929
0.40246113673562095
0.33884892240166664
0.2866558633035138
0.3962065102089019
0.3658827307323615
0.3134366814934072
0.440941741778737
0.2858659268046419
0.33230009781462805
0.42867768555879593
0.33790957430998486
0.33199055528356913
0.31932497308367774
0.3424627348071053
0.27221769999180523
0.3199297081501711
0.3968261760615167
0.43319452216937426
0.3558765490140234
0.3972099751588844
0.2909150881071885
0.48483985618111636
0.252487155298392
0.4231240593251728
0.29349700255053385
0.6070568705243724
0.3965242040299234
0.3233735696190879
0.47112748168763663
0.2541871689969585
0.4623084286493914
0.3797701581248215
0.26427580700034187
