221.87701034545898
167.04997678903433
166.0488747083224
164.81110708530133
164.52683129677405
165.1474861731896
161.42687287697424
162.65015448056735
161.3319235581618
209.61889248627884
159.08356120265447
160.98119339576135
158.76960497636063
157.67176778499896
158.08650156167838
155.5319966536302
157.0731504880465
195.74528426390427
156.55304637322058
151.77363417698785
195.1819094144381
151.6722970375648
153.6793996187357
176.97096311129056
150.66038843301627
151.79916781645554
164.6365421001728
149.82407701932468
147.39875665077795
148.35728962604816
146.9666760151203
148.26909211965707
215.19778537750244
154.71862624241754
147.99181309113135
144.74883798452524
144.77813330063452
145.13939054195697
144.92768317002518
146.32799202662247
141.91605670635516
201.42561235794653
141.57289099693298
140.68990910970248
141.41668477425208
139.73713460335364
153.85435570203342
141.98308299137994
137.37136291540585
136.50245275864233
136.81882507984454
135.49466866713303
134.98426066912137
154.92284115461203
132.29224370076105
133.52539550341092
135.0866612654466
136.58005266923172
128.36600622764
133.8536845629032
130.78680248443897
134.8365668150095
135.9808756846648
142.55230234219476
128.94169182043808
126.62328291856326
131.14815121430618
127.90156118686383
124.52044125703665
126.16902017593384
125.74899065494537
139.25956550928262
127.16116213110777
120.64401190097516
126.2520277775251
162.58840804833633
142.6064248910317
123.6404233620717
127.20702636241913
121.53125430070438
179.3550815490576
132.45758870931772
114.46943030907558
117.86133173795847
118.04822766780853
124.56604585280785
121.28666887375024
123.06882177866422
121.0380248106443
123.45301213631264
128.98890928121713
145.7092462686392
120.22158106473776
120.89878345452823
119.09947865742903
120.90287767923795
164.12368922967178
122.62212822987483
118.77975940704346
117.60419001946083
121.00386549876286
114.57866238630734
114.52585067198827
115.40208089351654
115.89897440030025
117.48498626855704
120.78769573798546
121.43632353269138
119.391341649569
112.56937720225407
118.29273075323839
117.32768461337456
115.71749107654279
156.74694314369788
118.27487575090848
123.15915368153499
110.13025590089651
116.11278980970383
115.90475102571341
119.99210973886343
119.68867017672612
117.72046221219577
115.95974010687608
119.19690876740675
124.27156668442946
117.17105881067423
114.50133561629515
118.09479893170871
126.78127519900983
121.57344106527475
122.69174115474408
118.98276404234079
119.93951858006992
161.4007013119184
118.62026012860812
120.42068099975586
119.31743287123166
114.16139111152062
148.13953812305743
120.52871397825388
114.05191599405728
116.97336119871873
124.12627741923698
117.16083805377667
111.65512393071101
122.93379099552448
150.36877866891714
117.89805399454556
117.21280237344595
128.51961436638464
