21.722187541780016
16.833983966282435
12.449704987662178
9.592909063611712
6.757538341340565
5.047953861100333
3.6301240353357223
2.5757779564176286
1.9881815768423534
1.4885948243595304
1.3565165145056588
1.1369031752858842
0.8339891674972716
0.7668636490901312
0.8596243219716209
0.5463587975218183
0.6802933663129807
0.6008640910897937
0.5113281692777362
0.5900465807034856
0.496664098685696
0.5185999327472278
0.4613963503922735
0.5264444752108484
0.4797850584699994
0.4500957252014251
0.6377392932772636
0.465121580021722
0.3566876756293433
0.5155881125302542
0.40571246668696404
0.3149981140380814
0.6243794617198762
0.5426699710743768
0.4546902935419764
0.43018861256894614
0.4429403743041413
0.45551251903885887
0.38934251932161196
0.4737338922208264
0.3036994891507285
0.30491969024851207
0.3649086310040383
0.6211959762232644
0.34979775086754844
0.38692510518289747
0.35471111216715406
0.4105403373638789
0.44315088132307645
0.3368430169565337
0.40341704498444286
0.34582859313204173
0.4512841218993777
0.3262653338412444
0.28031107996191296
0.44160569388241994
0.5066556423192933
0.4513552440773873
0.2873170539027169
0.3815144115970248
0.34318808501675013
0.28946672273533686
0.3866069013518946
0.3533951526596433
0.2985554710030556
0.3350328228303364
0.5057410392023268
0.5473219589108512
0.2386836932883376
0.49642920813390184
0.18544688430570422
0.3650693492520423
0.38707643357061206
0.37814016161220415
0.31055419608241036
0.30490105058110895
0.5599380414045992
0.2331796655697482
0.4119698032736778
0.41795983715426355
0.3837566469751653
0.22667023433106287
0.5563662875266302
0.3938143224943252
0.25257479310745284
0.41995333206085933
0.29227310933527495
0.31167337724140715
0.33480252928677057
0.31782343486944836
0.3239834642126447
0.4212335642604601
0.2858029967617421
0.3010210973166284
0.31016826656247887
0.3231123182035628
0.32951130505119053
0.3904838618778047
0.2899697179506932
0.3913534549730165
