22.116640454246884
17.5261964343843
13.622242564246768
9.757937658400763
7.169928062529791
5.609512422766004
3.997996897924514
3.0540640637988137
2.247803426924206
1.5931429281121208
1.2352463837180818
1.1642681331861586
1.227122119494847
0.9472085024629321
0.8860705530359632
0.766009563491458
0.6443330070802143
0.730348126519294
0.6804233902976626
0.5991099530032703
0.4673433977933157
0.6668935701960609
0.5580609887838364
0.4353311863683519
0.675511115363666
0.579305639224393
0.48682707902931033
0.4932986991036506
0.4895460662387666
0.47729273495220004
0.4401841415535836
0.29791470155829475
0.3534962705203465
0.6252158355145228
0.5175107816855112
0.5467839404231026
0.4485961966926143
0.5172467813605354
0.3812417529878162
0.4152343471844991
0.4275589929450126
0.42497553516711506
0.5852339686382384
0.28978188761643003
0.3692189355691274
0.5839251244351977
0.41965875934277264
0.35668582291830153
0.37034488859630765
0.46518253286679584
0.3901015062417303
0.37588651407332646
0.2818975139941488
0.5240731273023855
0.4696561807677859
0.4173465793331464
0.5641487992945171
0.43172559993607657
0.3889589338075547
0.4950582283948149
0.4995168030616783
0.3304013797924632
0.43555768401849837
0.27882730180308934
0.2732128207350061
0.3901965779562791
0.3652569889312699
0.40270026631298517
0.48266622566041495
0.41558470896312166
0.31394062333163764
0.36400102114393595
0.30274804592842147
0.4042899166899068
0.3792738417784373
0.35682668944909457
0.4157379656320527
0.3865885186408247
0.33905566368429435
0.2544776045140766
0.34225722561989513
0.4029437997156665
0.45006751056228367
0.5068585675741945
0.3657271743175529
0.48985347612982705
0.3510849408450581
0.3873383347832021
0.4389360195824078
0.5096019190691766
0.3897077317039172
0.3661411101264613
0.294005186075256
0.2977229839279538
0.510983000199
0.3852030977251984
0.3990634136966297
0.4717999281627791
0.4554792497129667
0.36015842322792324
