20.148531414213636
13.419506754193987
7.974474044073196
5.125534693400065
4.535862105233329
3.4546242498216175
2.8312436058407737
2.268048788819994
2.106936080115182
1.7023080005532218
1.330054128453845
1.3301601253804707
1.2675322932856423
1.237369606892268
1.2907875350543432
0.9905695986180079
1.322863634853136
1.147250005177089
0.9932103696323576
0.8968165829068139
0.9423159644717262
0.909671025616782
0.9977683545578093
0.857428945246197
0.9411424880936032
0.7885636623416629
0.8408340492418834
0.823666954324359
0.787178193529447
0.6591169081983113
0.6564977282569522
0.9318361246869677
0.7498999067715236
0.6558903271243686
0.7325886686642965
0.7139056282384055
0.5904232809940974
0.6938884762071428
0.5685476423019454
0.5252994632437116
0.6902500639359156
0.8493493241923196
0.6479360099349704
0.5028333514928818
0.616815733058112
0.6707588547752017
0.6905459435213179
0.6123017799996194
0.4996764439912069
0.5989624233472914
0.47007843213421957
0.5721489570680118
0.5365478517044158
0.5742235538505372
0.54737246462277
0.4228732624933833
0.5077349635816756
0.4736731918085189
0.4890854841186887
0.41079350135156084
0.4566810131072998
0.5742575001148951
0.7448457642680123
0.4710270475064005
0.6942765350852694
0.5256026873276347
0.47992759552739916
0.41817265855414526
0.510219003827799
0.4534213809030397
0.46298301219940186
0.5836064606195405
0.46835169071952504
0.5252926441885176
0.5108304076961109
0.5351645105651447
0.3958584696409248
0.5085496334802537
0.6152812192837397
0.4025506971492654
0.5796691062194961
0.494652417798837
0.5585290768316814
0.4436490274965763
0.48390395087855204
0.46517620306639446
0.39455087341013406
0.4806602490799768
0.7576669713570958
0.4031458007437842
0.4650871278274627
0.5225731017334121
0.4388835428371316
0.5340158634242558
0.40851601124519393
0.4368881650623821
0.6060916178283238
0.41826581954956055
0.34185243114119485
0.5146922674917039
0.6291266473985854
0.44395130358281587
0.5913971793793497
0.5595914576025236
0.5887034079503446
0.48760180317220236
0.38651851493687855
0.6550212236387389
0.5409112097251982
0.5314165509882427
0.5068187310936905
0.5523720465245701
0.4436313651856922
0.5548768809863499
0.44011726939962026
0.45374368379513424
0.5668432976873148
0.5101635172253564
0.5238356182263011
0.3951780611560458
0.6401800960302353
0.5036228412673587
0.41848666008029667
0.4370554460301286
0.4251796816076551
0.47712131305819466
0.5065752221714883
0.47656024282886866
0.5894456828633944
0.5576119472583135
0.5572922960633323
0.42913325663123814
0.5287150556132907
0.3904084556159519
0.4129036260502679
0.5362798550299236
0.4771224239929801
0.6437332062494188
0.6940582497488885
0.42324472892852055
0.47530865101587205
0.43795526524384815
0.3167224033247857
0.4089109340593928
0.3928590817820458
0.5938813239336014
0.5365159383841923
0.6245970481208393
0.6519339322334244
0.48322175443172455
0.4636383180816968
0.39651513489938917
0.3358875584034693
0.4977338518060389
0.5792587406578518
0.4954411979942095
0.5525325997954323
0.5051983016587439
0.5193552704794067
0.47750567591616083
0.5986722267809368
0.4730059497413181
0.550982730197055
0.501888221573262
0.5585703076351256
0.34080884144419715
0.5251257983701569
0.6440941450141725
0.4941769167780876
0.5975169491555009
0.43626814654895235
0.5058337996403376
0.5369774220245225
0.3944094566007455
0.4576984037246023
0.4620090425014496
0.4029228396358944
0.35210002142758595
0.5293584664662679
0.45894850151879446
0.6088980216355551
0.5410738037455649
0.4754899438647997
0.4339532816693896
0.3937621224848997
0.5162738998021398
0.4790241743127505
0.5312910936772823
0.44406204351357054
0.46857690988552003
0.5047608010825657
0.4495072334650017
0.4530974720560369
0.6179644270312219
0.5389394706913403
0.5309519334917977
0.46134129627829507
0.33933223961364656
0.846834831471954
0.47838418434063595
0.4986347932191122
0.490127784155664
0.3576493543528375
0.4819081595965794
0.679550024725142
0.46691162174656275
0.40855797344730016
0.5865374491328285
0.556502246430942
0.5757563312848409
0.5335371944875944
0.399630320923669
0.6546288253295989
0.4588558205536434
0.4573320893659478
0.48580026165360496
0.33306812973959105
0.4069931031692596
0.5461975268664814
0.5806284239072175
0.6156689900727499
0.5102176283087049
0.4877480658746901
0.46748930739150163
0.46362147764081046
0.4457251826922099
0.7234253549859637
0.5180256973419871
0.40279420961936313
0.41707963638362433
0.4431359037047341
0.47622606725919814
0.4328840169168654
0.4032742004131987
0.5586374877464204
0.36177349942071096
0.598867308525812
0.586411525983186
0.46307930243866785
0.5054646492713973
0.5442782519828706
0.6950739976905641
0.4529122554120563
0.4262024463110027
0.437930333117644
0.4038579272372382
0.4941443158757119
0.3226548529097012
0.5938217412857782
0.5179220670390696
0.48609156746949467
0.5658626047273477
0.425982382325899
0.3812047111846152
0.399861630939302
0.45195422037726357
0.3363597598813829
0.3812278007999772
0.35004949002038865
0.42526464226345223
0.5828933797421909
0.3945579645889146
0.49027507361911593
0.5400740546839577
0.4077743330881709
0.7159335318775404
0.3201936348563149
0.4307419345492408
0.4067754103314309
0.46294560993001577
0.7013114520481655
0.4872420994298799
0.4116218898977552
0.509675702168828
0.5530305501250994
0.45437356936080114
0.4145380780987796
0.47446074265809285
0.4682631237166269
0.5797891127211707
0.38116884231567383
0.44337770129953114
0.6241752711080369
0.47926495330674307
0.5673888928833462
0.5057757185505969
0.6153106597207841
0.5776977081383977
0.4704332087366354
0.5842317796888805
0.5821509609619776
0.43451230015073505
0.5712460868415379
0.5840098063151041
0.4742368617582889
0.6142145413018408
0.3849113936580363
0.4483378107349078
0.6115621828607151
0.4135041706973598
