20.12780423597856
6.942635449496183
1.0914144651456312
0.8639162535017187
0.5466464839198373
0.5298627723347057
0.3274871727282351
0.24211658266457645
0.19207287308844653
0.23607844249768692
0.12144951657815413
0.15492901849475774
0.10524571720849384
0.19892109134657818
0.11338001523505557
0.11535509608008644
0.07174395261840387
0.0675403450361707
0.04706724563782865
0.053023510866544464
0.050375108353116295
0.03911424174227498
0.04358353770591996
0.05686065719716928
0.03733410855585879
0.05405588820576668
0.05148602615703236
0.03921369505538182
0.04514281925829974
0.03649237362498587
0.04122685420919548
0.0639530938457359
0.04728157835250551
0.05515138804912567
0.05648353848267685
0.0506774578243494
0.03358254937285727
0.027298670262098312
0.02652081474661827
0.028366888873279095
0.037273381582715294
0.02743353389880874
0.041054761841554537
0.03063779684122313
0.03850931995971636
0.029241895641792904
0.029518829912624577
0.024657539176669987
0.03797204470769926
0.032271905124864796
0.031324047087268395
0.029068213802846996
0.027318430810489437
0.02216227547350255
0.03360837647183375
0.03967276334085248
0.025423944927752018
0.048361916433681144
0.042080667208541526
0.027791122440248728
0.022556789896704933
0.02280273661017418
0.024817366999658672
0.023394408508796583
0.026622229340401562
0.024036902256987312
0.02315647933970798
0.020545438186011532
0.028357142159207302
0.027185643938454716
0.026176990179175682
0.02731773748316548
0.03261156498708508
0.026655341837216507
0.02653095888143236
0.03299233689904213
0.034938880750401455
0.024866087531501598
0.021789732812480492
0.026044959117743103
0.041668808087706566
0.0265287681567398
0.024299222721972248
0.03213890980590473
0.0305851972238584
0.026207249611616135
0.027032390067523174
0.025937596082010052
0.04954156787558035
0.023591947233812374
0.02768791856413538
0.02087088352577253
0.026989145289090546
0.024147247429937124
0.03948283483358947
0.02608875777911056
0.022395739077844402
0.01975136004726995
0.02527486321262338
0.02372013015503233
0.028437944721769203
0.04287138615142216
0.030869663269682365
0.02657968500121073
0.02698944475163113
0.01886852712116458
0.02507545155557719
0.029043952003121376
0.0377506400373849
0.024146420881152153
0.026297581128098747
0.027060174467888744
0.023246564944698053
0.02268020965328271
0.028473808345469562
0.020296250469982624
0.02390333106317981
0.02397765718739141
0.03370437347753481
0.03136600807986476
0.028308796781030567
0.03600068547000939
0.028306817466562443
0.020667711611498486
0.02888576550917192
0.030913817950270393
0.018633393570780754
0.027340950275009327
0.03645888038656928
0.031835549426349724
0.03671886246990074
0.02864501904696226
0.034703553188592196
0.023243146017193794
0.027560037349096754
0.02310460162433711
0.02339735965837132
0.042261278510771015
0.030875943262468685
0.02838292836465619
0.02939286535944451
0.01935941395773129
0.03622049846771089
0.029516714201732117
0.020328036170791496
0.02728876183656129
0.017758573998104443
0.030397082170979542
0.029388551346280357
0.01848714980720119
0.028110649521377953
0.02729831492020325
0.02724114686928012
0.016194992698729038
0.02089901158416813
0.02624827039174058
0.020383884918621996
0.03761816287243908
0.03128379261629148
0.03029703323475339
0.021352884274992077
0.016159536316990852
0.02488690394569527
0.0348471560600129
0.022278536957773296
0.026629096193408423
0.020012527831237425
0.03392220701260323
0.035506514155051926
0.03144639679654078
0.026714037468826227
0.017902587582780558
0.025202102366496216
0.019597979050806978
0.030915108678693123
0.03530502166937698
0.02079452845183286
0.02319361007010395
0.019104202701286835
0.026132328097115864
0.02689181589944796
0.031018894927745514
0.02842796619304202
0.02935804511335763
0.037134859287603336
0.026789431798864494
0.022854557049206713
0.028084153986789963
0.03025527586313811
0.04620749173177914
0.027625264684585007
0.023883723315190186
0.019792818972332912
0.023202964274043388
0.019777059301056645
0.03745060177011923
0.02597441024739634
0.045256970365616406
0.026733460412784057
0.03450239856134762
0.018519548741592604
0.0439707167785276
0.03535778337920254
0.03045755319974639
0.021668084897100925
0.025902472690425137
0.023264270275831223
0.038203209807926956
0.03453648031096567
0.018776356411928482
0.03348779957741499
0.033256496556780556
0.023756168952042408
0.023497511802071876
0.031040096401490948
0.032731245356527244
0.01819915756244551
0.033099729398434814
0.033125032586130226
0.024931236043233763
0.029486650855026462
0.02689584568989548
0.03702393682165579
0.02052198388529095
0.03358739995482293
0.01865238988433372
0.02615825366228819
0.018494241616942665
0.01621049011803486
0.01882574868134477
0.024188684892248024
0.035267914306711064
0.022522353228520264
0.02510948081246831
0.02421648639508269
0.021911663257262924
0.02242434930733659
0.022575401870364494
0.019242444350807505
0.020968060517175632
0.02221199218183756
0.028820023956623943
0.02813377900218422
0.034500699998302894
0.02826862761073492
0.021727655971930784
0.0248223099518906
0.030219585380770943
0.03455297530374744
0.03445022426206957
0.03781896778805689
0.024888647508553484
0.034591533497653225
0.03164923131804575
0.034691936929117546
0.02447010407393629
0.02642547343434258
0.017707498828795822
0.022838137451220642
0.02851998560469259
0.03024081259288571
0.023365270854397255
0.02774939660660245
0.040059070864861664
0.021528287621384316
0.031190457626838575
0.021204945207996803
0.027944925241172314
0.029041063379157673
0.024956362321972847
0.02568374282087792
0.05165712539614602
0.025665318466384302
0.01871343566612764
0.03379798104817217
0.03578518043187531
0.021453355820002882
0.029299258000471375
0.028455598449165172
0.02438168515535918
0.024769738358868795
0.01701927985149351
0.03305875323712826
0.038829674097624695
0.015982319219884546
0.018317202127284625
0.023224268447269093
0.0275369906290011
0.02853848539631475
0.037073705938052044
0.027263234030794014
0.02508089014075019
0.026811189780181103
0.0343586416407065
0.028316239318387074
0.022133231925016098
0.019266786392439495
0.023860858583992176
0.01911608451469378
0.027961356988684696
