20.010658445812407
13.882231962113153
8.961741311209542
5.739994276137579
4.1949870472862605
3.5725846943401156
3.147728585061573
2.3082605543590726
1.9926940032414027
1.3367266314370292
1.2287348068895794
1.3810562250160037
1.0296573663751285
0.9322099813393184
0.6711474983465104
0.6780262681699935
0.8481113415743623
0.6505515759899503
0.5745783242441359
0.6613839229657537
0.4956475964614323
0.640296207297416
0.47990854935986654
0.4199147547284762
0.349781023781924
0.44903235971218064
0.4260054901242256
0.6015290355398542
0.5692084208130836
0.25379869687770096
0.5108856480746042
0.25639101632294203
0.3650328619849114
0.3758829644038564
0.27732187048310325
0.31389835920362247
0.25166639366320204
0.21233759714024408
0.32175986788102556
0.29801878572574686
0.40274178449596676
0.45118811540305614
0.26019476460559027
0.43668833694287706
0.481497643604165
0.3366086156595321
0.4258670884938467
0.258122494887738
0.3630806505680084
0.38593544500569504
0.30378292438884574
0.201312758205902
0.2575910369022971
0.46703982956352685
0.4496944509446621
0.32480256561012494
0.3252478362548919
0.26601660943457056
0.367205152465474
0.36891965922855197
0.5263105693849779
0.249565489590168
0.26641177013516426
0.272795289400078
0.31406715059919016
0.4417236347993215
0.45831412218865897
0.21869591949507594
0.2974896713026932
0.1810219848439807
0.26591741666197777
0.29603207971723305
0.35217007994651794
0.29399160144939307
0.3111743539394367
0.46148224653942244
0.19683472803306012
0.27861265722839607
0.29094073965790723
0.2934095018676349
0.2905495374773939
0.39568611198947545
0.2613542179931842
0.3545345499934185
0.26569470381807714
0.28525923369895845
0.3438743759124052
0.3328061160587129
0.2611227605846666
0.22929634384456135
0.21007956892606758
0.36710624982203754
0.5158271195278281
0.30411747479367823
0.25163805591208593
0.23862068869528316
0.36796395764464424
0.267195633923014
0.34252009150527774
0.2429544405923003
