13.910163879394531
1.5116849053989758
1.8047825070944699
1.1142669428478589
0.6575692296028137
0.41346765106374567
0.5681545273824171
0.33501862531358545
0.24090577391060916
0.21508695997975089
0.26858539235862816
0.2336255626922304
0.3836460228670727
0.1489024707539515
0.2724755128676241
0.22781989113851028
0.22184566205198114
0.24177621440453964
0.1673951233652505
0.26778184283863415
0.2784589847380465
0.181556758555499
0.16894316470081155
0.20763089711015875
0.2545122714205222
0.1351340917701071
0.17810307680205864
0.16046403314579616
0.1346821507269686
0.14314363625916568
0.09055160426280716
0.1938932707363909
0.1928580291569233
0.19295962358062918
0.35491816530173476
0.12202591584487395
0.15008663555437868
0.1478763845833865
0.13763502883640202
0.12391821430488066
0.12016139484264633
0.15172154930504886
0.1733703471042893
0.21537654169581152
0.12640408358790658
0.10646874999458139
0.12743274224075404
0.08358511430296031
0.12364768677137115
0.18386189808899706
