160.08010526803824
145.7331758095668
131.822823707874
191.1387068124918
123.65031093817491
114.16397303801317
125.07185312417838
114.97327058590375
112.01066372944759
150.34373413599454
115.93320736518272
110.96439179090353
107.7615814759181
105.69238325265738
105.02805019456606
108.04494358943059
113.89362144470215
103.35088526973358
101.34739843010902
107.29798471182585
104.18049548079188
159.11293778052698
108.0397783426138
98.71853122344383
104.36602464089027
105.50915769430307
156.05940789442795
173.03588122587936
105.23455399733324
104.77970341535715
109.06929565163759
100.2798617688509
105.59292154128735
99.29106625226828
102.8575068620535
118.84031240756696
103.44618786298312
106.05216224376971
99.87137550574083
100.780519779485
117.1388104878939
108.00702934998732
101.95238065719604
100.35309630173903
101.85447206348181
143.15922018197867
102.09849612529462
101.59473869548394
166.52663979163538
102.78948263938611
100.9428291039434
101.37610481335567
101.66106586043651
140.64812696897067
95.22834964898917
102.65583710487073
100.0685698069059
97.02178623126103
102.31593744571393
162.49999198546777
136.4719323378343
101.41815233230591
97.11210554608932
95.97191358529605
104.33771239794217
100.71680344297336
145.33811609561627
101.06496678794232
100.39914916111873
107.04869444553668
103.13133654426426
103.68161858045139
100.94895387641512
103.5434621664194
102.38931391789363
105.42987803312448
105.27066349748817
94.323914037301
103.96334241903745
102.68999821406145
128.84397550729605
103.45937593166644
97.02057218551636
106.6025729328394
103.8774512840005
102.50131753316292
121.82090751941388
107.59388480106226
130.94826786334698
148.50456465207614
103.60457543226389
103.87043978617741
100.63749399093481
100.28913006415733
103.54861703285805
100.38617807168227
100.30108915842496
102.70720896354088
105.15211913849299
100.35072707528106
