171.4961051940918
169.17312181912936
165.85890916677621
161.85005833552435
163.5051784515381
147.29424285888672
143.6470219538762
132.7568006515503
118.56979846954346
96.6358796633207
89.48290971609262
85.73892211914062
82.60510518000676
57.82812155210055
53.58915534386268
42.71686814381526
44.885792365440956
32.57592010498047
31.05223853771503
42.327970211322494
37.211773725656364
30.468441376319298
27.341904786916878
24.635846284719612
24.852874975938064
25.860439337216892
25.372944318331204
27.50957026848426
18.46974145449125
22.97201970907358
16.131536447084866
21.264623678647556
28.88743752699632
16.285113958212044
15.04699552976168
15.026915770310621
18.590218507326565
15.798426004556509
9.6977824981396
9.976721066694994
13.162750152441172
20.59723109465379
28.68637488438533
8.222088006826548
10.92146558028001
10.399925231933594
8.751376097018902
9.61724930543166
8.292141896027784
7.6183390984168415
7.715853397662823
11.487627432896542
9.756354698768028
19.108538480905388
9.525240568014292
12.785105521862324
11.002119064331055
14.852622692401592
7.81217857507559
6.468591708403367
7.466184010872474
3.2994151573914747
3.7868689115230856
3.8778179608858547
3.5024158771221456
4.8288219433564405
5.0780265377118035
3.292198116962726
4.574196109404931
4.964516841448271
2.459816969358004
2.616581146533673
3.5207357773414025
4.269036522278419
3.843400327058939
3.2681047274516177
2.536706255032466
2.5852483877768884
2.1944560362742496
2.410028732739962
2.1162949938040514
3.3478667185856748
2.4139395447877736
2.9545498215235195
2.6480011756603536
1.8048370663936322
2.213228225708008
1.6163355157925532
3.9146147874685435
2.575872705532954
2.854674417238969
2.7489332373325643
3.369506840522473
1.6212098873578584
8.750561255675096
1.6411826702264638
3.1822153559097877
1.9525506450579717
1.823639296568357
1.6235659947762122
