20.89722694050182
7.171821182424372
1.0688980330120434
0.9786194833842191
0.7421248311346228
0.39165867458690296
0.27540200000459497
0.18629599565809424
0.20993095568635248
0.15294154631820592
0.10107708553021605
0.08564572036266327
0.113605642860586
0.13463787565177138
0.12329127148471096
0.09219213371927087
0.06823594698851759
0.0718686810948632
0.08013468777591531
0.08074365590106357
0.06314057331870902
0.04638682695275003
0.05769806702367284
0.07093513452193954
0.04930704899809577
0.053008937700228256
0.05985888483172113
0.06679313240403478
0.03557829084721478
0.042749931273812596
0.03112112908539447
0.05013625230640173
0.02705206044695594
0.029643571469932795
0.036615549586713314
0.06560986840420148
0.05160279817540537
0.03349139473655007
0.03248462356118993
0.03887839149683714
0.04620121470229192
0.031604832715608856
0.04177290133454583
0.031378737058151855
0.04669918754900044
0.040657733736390415
0.03131532355804335
0.03442109867253087
0.035808968103744766
0.019258696501227943
0.030227620154619217
0.03128069131211801
0.026516090909188442
0.03440689845857295
0.02776680819012902
0.01817508257756179
0.049256336875259876
0.022704762829975647
0.05657028169794516
0.029141658239743927
0.026666647754609585
0.030545805834911087
0.024112490175122566
0.026530890556221657
0.04850830188529058
0.030428808605806393
0.026333925652910362
0.03819485931572589
0.026849137534472076
0.02932646049355919
0.02282107782296159
0.030442183244634758
0.025571401230990887
0.02570483630353754
0.027397492731159382
0.02266469919546084
0.018930334005166184
0.04945205439898101
0.02547401545399969
0.03596841069785031
0.04741353499279781
0.020777107893743298
0.024614897641268643
0.02429649259217761
0.026797683909535408
0.03409292989156463
0.036835511892356655
0.037422565785659986
0.026984174143184315
0.04383099197664044
0.04186721569435163
0.04458899762142788
0.02276012513109229
0.01917809417301958
0.02221478953618895
0.035308791493827645
0.023927419192411682
0.037126904861493545
0.0268176337280734
0.019953222945332527
0.02384784072637558
0.028663487935608082
0.024470713497562843
0.032062283124436035
0.04084454434500499
0.030720759818161077
0.03255745070055127
0.045547729612074116
0.032751374539326535
0.03639868384396488
0.023987576746466486
0.030475691976872357
0.06186458519236608
0.030159351161935112
0.0317845389416272
0.02608334163034504
0.0321577519855716
0.035337412391196595
0.027527751062404026
0.05066982487385923
0.0298874936574562
0.03291238895194097
0.03564100492406975
0.03084695821797306
0.04407122798941352
0.02335124039514498
0.019102919508110393
0.039194870232181114
0.024223878048360348
0.02459632723846219
0.025339184582910755
0.027177869257601826
0.03446897949007424
0.021819130178879608
0.020933856002309105
0.0383212138814005
0.01785810562697324
0.03875761352140795
0.026195532642304897
0.03272377344017679
0.03578483804383061
0.02502890642393719
0.02697056472640146
0.022514446977187286
0.02785906983031468
0.052462418394332584
0.02566818114031445
0.03130368782546033
0.026483313095840542
0.03284447640180588
0.02487923391163349
0.0345368574119427
0.029441607438705185
0.025828021155162292
0.03989245429296385
0.045284253333441236
0.04105863034386526
0.04205518275160681
0.03485656698996371
0.03341897737912156
0.028609738261862236
0.030400023753331465
0.023015828972513027
0.021533374843949623
0.030061847360974007
0.03209623889150945
0.023706305772066116
0.028744747184894302
0.01962603759867224
0.06110170077193867
0.03323371335864067
0.03267021231691946
0.0195546570149335
0.022893714972517708
0.02008109243417328
0.027016510848294605
0.02190995936027982
0.025380016304552555
0.031081423078748314
0.027849281249059873
0.03765359537845308
0.0542781910943714
0.03444932536645369
0.0321334224532951
0.029600311409343372
0.02906502334570343
0.03525037428533489
0.0319453693757003
0.017892330630936405
0.0347773153334856
0.01948351819406856
0.022511347789656033
0.03564202260564674
0.027834670279513706
0.0337800294668837
0.029885399324650116
0.021201339846646242
0.0353458740494468
0.03282564192671667
0.01989473013037985
0.03501340899277817
0.022063894959335976
0.027021730064668438
0.022051572291688484
0.0268095327033238
0.026406008665534584
0.04218750133771788
0.028758399273184212
0.0422438784417781
0.03198309564454989
0.03553832847286354
0.02725730294531042
0.028451894367621702
0.031363751061938026
0.04649795058437369
0.032083192501555786
0.027675747278739105
0.02272977442903952
0.029551587321541527
0.022963172163475643
0.018823042342608624
0.04090051098980687
0.036831888454881584
0.026713462292470715
0.025568840771236202
0.024080158253623682
0.030440677719360047
0.0319860117001967
0.03984860868447206
0.030854035846211693
0.037515097805722195
0.025877705097875812
0.036650362593883816
0.023204504258253357
0.028198924084955997
0.025882034985856575
0.030291122807697815
0.03036484723402695
0.034144981764256954
0.022542787292464214
0.02642927174879746
0.03665951978076588
0.030032707293602554
0.033850669860839844
0.020112324760041454
0.05447833553295244
0.025264507498253475
0.033797806298190895
0.035664700183340094
0.030049934559925037
0.025379635054956783
0.02497886231338436
0.017508540387180718
0.028204456183382055
0.02290309559215199
0.027164923916147513
0.022835743613541126
0.018685065971856766
0.024543720720843834
0.03685874077068134
0.03083978614515879
0.022160619920627636
0.030566293407570232
0.024354195391589947
0.026842277497053146
0.0313634608279575
0.02337251358072866
0.02558654131875797
0.03114903074773875
0.03633670102466236
0.03266372163356705
0.03492805065417832
0.030462502036243677
0.023930032652887432
0.0313897082074122
0.034445618871938095
0.038849351038648325
0.026154755784029312
0.031979391097345135
0.02809450241991065
0.03623322617601265
0.01599031686782837
0.03181676659733057
0.026790464423935522
0.02155663911253214
0.03640508973463015
0.02864601861008189
0.026197843803939493
0.02678469568490982
0.0174105984412811
0.03983188581398942
0.02908889390528202
0.025149799544702877
0.027234576049853455
0.03219817536459728
0.015896910505199976
0.01982124132866209
0.030919366770169952
0.039453818716786125
0.030531305142424324
