164.10018748503464
154.16693179683688
138.79702973365784
128.86020359626184
116.3599021964205
116.13671629703961
156.29025369424087
106.4423878468
103.0949396949548
108.19073305680202
107.6313968530068
102.49204681928342
106.47406583107434
107.74052939965175
105.65211033821106
138.0080465903649
107.11524460865901
109.70130838109897
103.31634242718036
101.81880317743008
110.04211623852069
97.6083901501619
135.28832233869113
103.75760138493318
104.54295724286483
118.13759176547711
105.35038905877333
102.76103448867798
106.90802042300885
105.70831573467989
106.91638642091017
99.09817222792368
109.38791451087364
95.97822820223294
104.14272506878926
102.95580007021243
155.73250071819012
102.40983070289859
103.00717071386484
104.03933208951584
107.25013830111577
107.80623352986116
147.45526907994196
102.94350163753217
105.88700498067416
110.09510619823749
101.29859735300907
128.79942928827725
138.53735025112445
104.30728220939636
98.57293706645186
120.212109712454
145.7074921314533
104.81907318618435
105.18756492321307
96.39743636204646
101.95255650006808
106.83011693220872
101.20468544960022
108.41455688843361
122.22966234500592
100.93806328595831
106.64815115011655
102.90356113360478
107.12968659974061
111.84525995988112
101.36807848856999
106.27539189045245
103.80861522371953
110.97802466612596
114.30794233210887
108.46864254658038
112.75916946851291
103.84626010748056
99.55043926605812
100.9531900882721
102.68015536966806
126.26131321833684
105.26187852712778
105.5733368717707
103.14290548001344
110.41887352099785
144.2627298465142
103.90649680449413
142.74615181409396
100.87620599453265
105.24279899665943
99.50690790323111
109.22923798744495
105.3004781108063
101.10425964227089
96.8694152906537
103.9859970991428
100.90115620081241
102.34523865580559
104.1903981509117
107.37606288836552
96.9149924333279
136.03093255483188
103.53630037491138
