19.133594422113326
10.650363286336264
6.793194032850719
5.2086452302478605
4.6303868520827525
3.260084560939244
2.8155616238003685
1.9852113269624256
1.8842935377643222
1.6632891382489885
1.5097009199006217
1.1976579810891832
1.1074101002443404
1.053710516010012
0.8527635449454898
0.6823544410013017
0.9593478512196314
0.8104470088368371
0.6662394340549197
0.7579475818645387
0.5525091097113632
0.42042120546102524
0.493904163085279
0.5504835687932514
0.440438306757382
0.4420694847192083
0.4239253813312167
0.3081685078463384
0.555835505326589
0.34907482919238864
0.3393736612938699
0.41052136818567914
0.40095769259191694
0.3746985486220746
0.3737917808549745
0.4687779842033273
0.42873209927763256
0.5265801838998284
0.4880881996027061
0.3553520552814007
0.362173439313968
0.35666146714772495
0.2618471547251656
0.4496071940021856
0.260103928368716
0.21640504701506524
0.46419222635172663
0.33895910407106083
0.23660137814780077
0.2146827033942654
0.38234704289407956
0.3464893743041016
0.23150655875603357
0.2292956951118651
0.3279499093159324
0.5224158343459878
0.2910862086074693
0.35579757463364375
0.26117795421963647
0.4011462502891109
0.2936634501176221
0.3303111686060826
0.32686736718529746
0.20607454311989604
0.3052883611193725
0.2080153003334999
0.2698139381550607
0.319739679140704
0.3626102835294746
0.23191538843370618
0.20292612431304796
0.2732620942517228
0.3613545832534631
0.25263664268312
0.2568013480465327
0.2543149273842573
0.31631401731144815
0.27232858707152663
0.22751764048423087
0.2971008624881506
0.3505265845784119
0.2865311616056022
0.20295923591280976
0.4080230730275313
0.3836987217267354
0.2755149051192261
0.24462573194787615
0.2567438905437787
0.2438536767980882
0.2565695402168092
0.2165322791607607
0.38667249910178636
0.45062283736964065
0.3494093207021554
0.4124087810161568
0.38144644491729285
0.300550291758208
0.3026274779722804
0.20482859139641127
0.39658478514424395
0.32084225543907713
0.25133621958749636
0.2669776468316004
0.38770281346071334
0.23008800351193973
0.2767613572733743
0.41539372663412777
0.28053906391419114
0.24107622337483225
0.36430804679791134
0.39560264712643056
0.2476332668392431
0.3039804075268053
0.42369619756937027
0.22909064182922953
0.36051377343634766
0.35319691377558876
0.30213371242973064
0.4292910276424317
0.29938512162438463
0.2668403960054829
0.26623260016952244
0.1784622436832814
0.3030640721498501
0.3503830604964778
0.2591579697493996
0.2542620177957274
0.3506612500087136
0.46163314891358215
0.2522421817162207
0.3054434875735924
0.2358949959632896
0.30573254655159654
0.35660336166620255
0.2369960191703978
0.21917362919165975
0.4699964721997579
0.26178996123018716
0.5013528945190566
0.32293193184194113
0.3515243966664587
0.24706880597486383
0.2444929081414427
0.32688460534527186
0.42401367159826414
0.40922664757817984
0.36536585805671556
0.5270201866293237
0.28942952677607536
0.23012044192070052
0.4019722311447064
0.3202769041416191
0.3024033737324533
0.3735125611225764
0.24016919607917467
0.41372163292197955
0.41853447382648784
0.19172630467939944
0.32692911227544147
0.3602611231839373
0.25360059507545973
0.26901136924113545
0.2779530937827769
0.34519045440746204
0.37469395811093
0.2532218210399151
0.34514315763399717
0.23247784855110304
0.30640028457024265
0.4694371058472565
0.27371245108190034
0.3415695060754106
0.26088526969154674
0.31363720704047454
0.31258217799699023
0.25014569650271107
0.41816114421401707
0.36154668622960645
0.33160542812021004
0.3316529396744001
0.37029025078352007
0.46175654684858664
0.23357391760994992
0.21240778639912605
0.30985212326049805
0.29996964441878454
0.41893001384146156
0.3565212082827375
0.2648187954688356
0.34460497097600074
0.18816493611250604
0.2218906432390213
0.3960842599072272
0.29583646157490356
0.40427177399396896
0.18469242538724626
0.2650887324430403
0.2912335166973727
0.38893627517280127
0.3926916563262542
0.3050971521685521
0.2735456755118711
0.4014303208816619
0.2556125948294288
0.287475531432955
0.34575501997910796
0.2655335790699437
0.2706322079701793
0.2938844289275862
0.2914581423891442
0.15006441410098756
0.36207821903129417
0.2300065919934284
0.2158991541003897
0.32299284920805976
0.3408624133361237
0.500297235591071
0.37472168382789406
0.32523622044495176
0.38046909283314434
0.1806579101830721
0.40498288605539573
0.4123161498989378
0.29729933619854
0.3584342834406665
0.3191661225365741
0.32681587360621916
0.2677363355067514
0.2365096387054239
0.21813030345808893
0.2166429976267474
0.3086770637670443
0.30197392794347944
0.2685621319604771
0.3808482166024901
0.31611722840794493
0.2740392794921285
0.3644175444330488
0.32462924168933005
0.36107652802907286
0.3265796790697745
0.27056590378994033
0.2546316764893986
0.489749659385
0.24209410750440188
0.2460014129146224
0.3807827542048125
0.30010299295896575
0.30221915732891785
0.14750365948393232
0.3522095261141658
0.33885237343964125
0.2618221173595105
0.3943736797109956
0.27309067361056805
0.24503940609948976
0.18534529555056775
0.38012746286888915
0.5396366199212415
0.31294122861609575
0.3936570030858829
0.36954467051795553
0.34866912698461894
0.34399073712882544
0.2935623536329894
0.2121672263546359
0.41946589742742835
0.3268595389312222
0.3226028682575339
0.41197952521698816
0.385427290307624
0.25598797140022117
0.37545239251284374
0.3075330912002495
0.23599374817595595
0.262695460491592
0.3020196987670802
0.31343563610599157
0.30756438860581037
0.24827513298285858
0.29514522442505475
0.3248286424648194
0.3348975362522261
0.3254910260438919
0.17844631620461032
0.24782540498390085
0.249323391666015
0.34360535797618685
0.40857716827165513
0.30347063596404733
0.3181874979553478
0.3958193723644529
0.38974527411517645
0.2495914302056744
0.3790085253616174
0.3406114219909623
0.23388310104963325
0.2904987686446735
0.5915801848861433
0.32646227228854385
