20.84320831298828
16.51958688100179
13.359810465858097
11.435079847063337
9.756577559879847
9.037785348438081
7.352833225613549
6.680131458100819
4.677332741873605
3.6517938318706693
3.308082503931863
3.0386555648985363
2.880450799351647
3.011387660389855
2.775243327731178
2.5570383809861683
2.325253290789468
2.2107219582512263
2.415023406346639
2.3552264940171015
2.1565132566860745
2.0886338495072865
2.0618427509353277
2.1776331010318937
2.0847904284795127
2.04650817882447
1.988897598925091
2.143856894402277
2.0114161315418424
2.314265793278104
2.1835193378584727
2.1737978408734002
2.1208067337671914
2.1385211717514765
2.1704424562908353
2.0563522293454124
1.8591894166810172
2.1533171846753074
1.8605542580286663
1.8615167424792336
1.9607569930099307
1.8573847668511527
1.9653422520274209
1.778153365566617
1.7823392450809479
1.8419134588468642
2.0252563783100674
1.903313140074412
1.9232151905695598
1.7950142508461362
2.0143568487394425
1.9345855031694685
1.9038147188368297
1.6886187280927385
1.7340683255876814
2.0043333967526755
1.8825943853173936
1.8296387465227217
1.9681336624281747
1.7456608244350977
1.7726800526891435
2.0113441745440164
1.885537591718492
1.860442076410566
1.6044019886425562
1.8183717287722088
1.7501042825835091
1.9589139382754053
1.7798731156757899
1.7152436517533802
1.815811773141225
1.8151831371443612
1.976876539843423
1.7695509450776237
1.7278259850683666
1.7122086541993278
1.7827482862131936
1.9604486212843941
1.8771763671012152
2.0046828247251964
1.910416305065155
1.8071645356359936
1.8420365821747553
1.8930559697605314
1.7570211262930007
1.8163450558980305
1.867481768131256
1.8131785761742365
1.5834756465185256
2.079691239765712
1.696831396647862
1.8425141658101762
1.7451177125885373
1.7977343230020433
1.6391723241124834
1.7925808202652704
1.8785723050435383
1.7286304604439509
1.6354827313196092
1.87743859347843
1.8698472522553944
1.9179093440373738
1.8538355089369274
1.8311765988667805
1.88510266939799
1.850817118372236
1.937392234802246
1.8492918752488636
1.8035288325377874
1.6245918685481662
1.8298208543232508
1.8190719201451255
1.6421486650194441
2.0683522735323225
1.9161558562800998
1.776679087252844
1.7623675266901653
1.8393898081211817
1.85577753895805
1.953238756883712
1.7743167550790877
1.8030866980552673
1.7458634348142714
1.8062888497398013
1.715479579709825
1.7173595641340529
1.5591511868295216
1.8059102722576685
1.810875001407805
1.7887799768220811
1.726271771249317
1.7250820937610807
1.8403569828896296
1.7645936210950215
1.8395198583602905
1.60406227906545
1.848213519368853
1.9699096509388514
1.8551603158315022
1.7698458489917575
1.5979333009038652
1.6557834077449072
1.782440097559066
1.8519374586286999
1.9524533266112918
1.7458481533186776
1.5866640479791732
1.8878979285558064
1.8159135665212358
1.8769790161223638
1.623790701230367
1.740764705907731
1.6486324667930603
1.727570340746925
1.798862411862328
1.9576293031374614
1.9573008559999012
1.6604197309130715
1.8052493986629305
1.8068421227591378
1.9958304847989763
2.0442634366807484
1.7540105070386613
1.736793918269021
1.7742620337577093
1.6091930951390947
2.0150755757377263
1.8729486011323475
1.6217622657616932
1.6935896277427673
1.6824330006326949
1.7399587773141407
1.5688493251800537
2.007289176895505
1.5835359465508234
1.7159409012113298
1.8696870860599337
1.845202434630621
1.8147187261354356
1.819754197483971
1.9027983262425376
1.9985837709336054
1.71047808442797
1.8945025148845853
1.7878863925025577
1.883289703301021
1.7430306190536136
1.7193571811630612
1.917070570446196
1.788536012172699
1.9594750517890567
1.918175961290087
1.836344954513368
1.7043260179814839
1.7560862104098003
1.9553200233550299
1.7840971918333144
1.8456773474102928
1.8597813702764965
1.8604230937503634
1.7834791796548026
1.6872736698105222
1.6865118401391166
1.8599888001169478
1.6869196267355056
1.6856182160831632
1.8685117491653986
1.8270651272365026
1.725379364831107
1.8418769580977303
1.863780248732794
1.8210565064634596
1.7934198748497736
1.7477538415363856
1.7581706160590762
1.7437206251280648
1.8440860140891302
1.6932370236941747
2.037485571134658
1.7753717104593914
1.9208490876924424
1.6898483960401445
1.9413413121586753
1.7730446514629183
1.7359457526888167
1.6601307363737197
1.8038319661503746
1.7726730363709586
1.984589071500869
1.9206117959249587
1.7893073643956865
1.6729266189393543
1.7492149670918782
1.6619775962261927
1.6588102862948464
1.6046263717469715
2.062084427901677
1.7690400310925074
1.8483669871375674
1.6736478919074649
2.0573513422693526
1.7895599064372836
1.9481729077441352
1.719949756349836
1.9643710170473372
1.7728398342927296
1.731726354076749
1.828359991312027
1.7128956502392179
1.7514650041148776
1.78758400394803
1.7433832600003196
1.6448718791916257
1.7817480053220476
1.7980234112058366
1.9544422229131062
1.8085124549411593
1.7383162748245966
1.739586455481393
1.6745377835773287
1.738481532959711
1.810049363545009
1.8346059208824521
1.6706409511112033
1.845550644965399
1.7673000622363317
1.9288621090707325
1.8078316137904213
1.8344208527178991
1.832127673285348
1.791547729855492
1.697077187753859
1.684585017817361
2.0134368992987133
1.9949013647579013
1.7109398203236716
1.8565561856542314
1.780052207765125
2.072371298358554
1.7700884938240051
1.8234650052729107
1.7582700791813077
1.9243549548444294
1.8579035628409613
1.838264612924485
1.7393365190142678
1.7152780862081618
1.991376294976189
1.9634755707922436
1.6880591128553664
1.849841594696045
1.702414904321943
1.9489639543351673
1.5344413277648745
1.8701100519725256
1.9018411693118868
1.8483426939873469
1.7921738283974784
1.9881299705732436
1.7007761711166018
