4.00421559268778
1.1336469812826677
0.87556037848646
0.6591980511491949
0.7046291340481151
0.444296888329766
0.3193744949319146
0.2223943458362059
0.1451503878290003
0.13583386079831558
0.1100764660672708
0.07015131583267992
0.07001699778166684
0.04195570573210716
0.060216441242532295
0.053046009757302025
0.05109082145447081
0.046633183786814865
0.03124708885496313
0.035181268033656204
0.024314125237817116
0.03418604123660109
0.03143472643569112
0.020426689139143986
0.02330221930010752
0.021050735842436552
0.025561374612152576
0.031528427604247226
0.02350224055011164
0.015602809842675924
0.0225677883929827
0.014278591695156965
0.018022134180434725
0.012191647621379658
0.019419307143173435
0.017441065346991472
0.012085061160508882
0.012982329523021524
0.027126742611554535
0.01924635592678731
0.012756104073063894
0.015119719742373987
0.018772402862933548
0.016618170817805963
0.015379247509620407
0.01737842420962724
0.008947085314006968
0.017740572379394012
0.02796595458957282
0.01172773116691546
0.015116333876821127
0.012506079436703161
0.01954921339215203
0.015408368908207525
0.011343831958418543
0.0101965195922689
0.014922158771448514
0.009068662268956277
0.022905837511643767
0.015425076750530438
0.011267160679298368
0.014669548444957896
0.014174632368270646
0.016952816481617363
0.023817139000377872
0.01125223696528172
0.015348433601585302
0.007874677508053455
0.012083286885172129
0.01711363061754541
0.014437861486592075
0.012428605929017067
0.008776375134898857
0.009805168787186796
0.012861904137852516
0.013391193891452118
0.0262310100634667
0.006739848716692491
0.016476160613819957
0.011756298619068482
0.01226638646965677
0.013577916744080458
0.01219822538339279
0.012056097261268984
0.015512323028153994
0.01384300076064061
0.01252720221369104
0.010202405000613495
0.010410345095971768
0.012473362794315273
0.010355428834869103
0.015723591289398344
0.01810985725288364
0.015146123838018288
0.013833944855088537
0.014013369694690813
0.011935689878142015
0.009964892259714279
0.014254497787491842
0.014676161533729597
0.015998317606069824
0.012524196666411379
0.01820264926010912
0.010557376229288902
0.02022484177723527
0.011583012909713116
0.013486227634447541
0.013690555637533014
0.010363115124743093
0.015349444806237112
0.01340243508192626
0.011455843775448475
0.010977168757976457
0.011265884153544903
0.006287690400230614
0.012755214152011004
0.0106203957376155
0.027797273529524155
0.012316046621311794
0.012945519294589758
0.011279563038525257
0.01022714367983016
0.008961583276025274
0.014545932136984034
0.01298947911709547
0.011150957169857893
0.01169585758312182
0.01842788750813766
0.010482407132671638
0.014036818830804392
0.012848855165595358
0.01570566633546894
0.011954107237133112
0.019330915783277967
0.016670793718235058
0.012643166606060484
0.011644547381861643
0.014157470866021786
0.00986288216981021
0.010007515549659729
0.012840152464129707
0.017104277810589832
0.010635514616627584
0.01000595638867129
0.009660788409581239
0.008005896689031611
0.015813496090810408
0.012586848662150178
0.024255700811574406
0.018569965677505188
0.02567458142187785
0.0139072001170875
0.012827056629413908
0.012972588354552334
0.017011783953586764
0.01038968169384382
0.018563829828053713
0.014210949567231264
0.023167488461529665
0.013461382742124524
0.009632371281358328
0.01848747354762798
0.011980794412507252
0.015878989488225092
0.01443091032772579
0.016600017266517334
0.01373930806717412
0.01841970681297508
0.010550030041486025
0.014382655605335127
0.01350472482259978
0.01337767955423756
0.010622691341929814
0.010345665653320875
0.011477819135920568
0.014043252576481213
0.01194369996135885
0.015397287185557863
0.011341397819871252
0.011574873827736486
0.009100247724828396
0.015827274119312115
0.01411571226675402
0.010591385547410358
0.014665365896441719
0.01194480387493968
0.013990929202091966
0.018551720306277275
0.012944586151702837
0.014440123923122883
0.03583003381605853
0.008998069446533918
0.013854730874300003
0.010351922680539164
0.010483818721364845
0.01054747182537209
0.014194080309773033
0.010610805231739174
0.0137518662747673
0.013782061445950107
0.01183288616382263
0.022947280159728092
0.01023840265009891
0.017370074352418833
0.012178718070076271
0.01245951068333604
0.012291817947036841
0.011443658139217983
0.011156768326393583
0.012945505748079582
0.012573000720956108
0.020104406676678496
0.012677665567025542
0.01233269001187926
0.0138604976025156
0.015451483449644664
0.012300993527539751
0.01521562035618858
0.012024526949971914
0.013250174339522015
0.009382323192601854
0.010381774553521112
0.011298216561871495
0.010233713652599941
0.015287974341349169
0.010162405352192845
0.01714362582953816
0.012390036601573229
0.013266313186084682
0.009177194019271568
0.008038429331711748
0.013868676583197985
0.013527342583984137
0.012982842385430227
0.010654229628430172
0.01429999488490549
0.013525027824057774
0.012184866069054062
0.013816106556491419
0.01228741988201033
0.01249931850047274
0.009945428041233257
0.013615016677332196
0.012723032935437832
0.01193660484965552
0.016045255671170624
0.014594270382076502
0.015650081427090547
0.012171603231267496
0.019728593147275122
0.013537654949521477
0.012212659189985558
0.01154672477225011
0.009566910056905313
0.017465114445340903
0.008586152626032179
0.01268402142026885
0.007986846295270052
0.011339589583010158
0.012906061570075426
0.019413842756131835
0.013435302725569769
0.009647016667506912
0.015693991360339252
0.013858726036480883
0.00930696528997611
0.009042998775839806
0.009715701665051958
0.008457216286015782
0.013823918320915916
0.01144212107597427
0.012402200775051659
0.008608900179917162
0.016520746729590675
0.021415316457436842
0.011143987871367823
0.009548533729023555
0.017374189231883396
0.02425075335089456
0.01146752391518517
0.013253007549792528
0.011568853123621508
0.012604425872930071
0.015535322060300545
0.01821881536902352
0.011464629914950241
0.017771353691139004
0.017265914008021355
0.031137291342020035
0.01244378422217613
0.012496731921353123
0.009728532781909134
0.011792848881503398
0.011167684696953405
0.017495820849117907
0.015406329354101961
0.013726493237878789
0.028714488048783758
0.018836366605352272
0.0109514716419984
