15.960551193782262
8.378924789882841
6.461620069685436
5.041516366459074
3.4437387103126165
2.3659256980532692
2.1263706229981922
1.438160669235956
1.0210927845466704
0.9673176563921428
0.4950030069975626
0.5455120152660778
0.4645512664601916
0.3723548778465816
0.45587404320637387
0.3471160053852059
0.4655012325161979
0.3762062273564793
0.5359372760923136
0.27697404225667316
0.22144269020784468
0.3613892195835
0.30333902021603926
0.24024706786232336
0.24921299428457305
0.175054118303316
0.4268910570424937
0.3654814353656201
0.13290403366443657
0.221210811819349
0.25061332319109214
0.23196901398755254
0.2447936977925045
0.2575047825063978
0.25078898366718066
0.22720718587793054
0.19834530646247522
0.21841861697889509
0.3087555905360551
0.15262033222686677
0.1593548415140027
0.2030341468219246
0.1715719849758205
0.19978830202793083
0.2578161048170711
0.2385483356636195
0.16132303957073463
0.21006164992494242
0.16110602797319493
0.29242076219192575
