169.1717444199782
157.33495044708252
157.6429076561561
146.96116520808295
149.36056903692392
138.19641553438626
129.7304738851694
126.59536112271823
122.53105626656459
116.65380545762869
113.52657699584961
108.78854524172269
104.77055270855243
102.61200461020836
102.81893231318547
100.85005892240085
102.81513771644005
104.66984117948093
104.3816373531635
101.66139676020696
102.83893658564641
100.86492883242093
103.37627792358398
99.21375736823448
114.88287060077374
114.22596095158504
99.39022797804613
101.96649228609525
104.36110335129958
102.99659259502704
103.17712255624625
99.98542829660269
99.51871857276329
104.69411204411433
99.3639598259559
103.21464758652907
102.08964223128099
108.85712873018704
99.7261710533729
98.89678426889273
102.6019338461069
102.57839980492226
102.21562370887169
99.42549089285043
107.11373197115384
98.84017870976375
99.4593316591703
103.98234880887546
99.72477729503925
99.25543374281663
99.19563117394081
104.82724908682016
103.92341100252591
105.15932479271522
102.70583666287936
99.13110718360313
106.61226404630222
100.73476820725661
105.2733641404372
99.09625200124887
99.10941828214206
110.96825100825383
105.24505292452298
104.13281000577487
99.9542677952693
104.80465463491586
108.85106497544508
103.35713694645808
100.013336621798
102.27537639324481
101.00653457641602
105.38328112088718
99.73681787344125
101.15853236271785
109.36612466665414
99.82029636089618
99.83621479914738
98.74174132713905
100.3830961080698
101.79624938964844
99.41115819490872
99.2144236931434
102.68828846858098
98.67489763406607
109.27944652850812
100.31121620765099
98.9081601362962
100.9865671304556
104.35144541813777
99.24220921443059
99.80367117661696
99.47609740037184
103.0031251173753
99.93476427518405
108.07799867483286
102.69659863985501
101.14142740689792
100.05518194345328
99.37541638887845
99.95951872605544
