42.69759126143022
44.70795301957564
24.43181072581898
16.77109076760032
16.906279650601473
15.861087799072266
14.005900469693271
13.384089946746826
11.822841557589443
11.670724391937256
8.782930374145508
7.2618608908219775
9.500618501143022
4.838095448233864
7.784460934725675
5.237771142612804
5.4924021634188565
5.2610463012348525
5.008305419575084
4.810220241546631
5.261187466708097
4.262352141467008
4.512997757304799
4.0796487439762465
2.8447743329134854
4.320615768432617
3.430157249624079
3.3158613443374634
3.4306957613338125
3.6842720725319604
5.5338217345151035
3.4941119930960913
3.4744550748304888
2.7662045793099836
3.6698613058437
2.9237796610051934
3.00528621673584
3.1346260634335605
3.409014506773515
2.6887895085594873
2.726601243019104
2.8489135612141
3.148331035267223
2.8270760666240347
2.8058225349946455
2.944897001439875
2.5545635765249077
2.7159991047599097
2.981259573589672
2.729773933237249
3.183707053011114
3.442897867072712
2.5950975743207065
2.8004082332957876
2.5950968699021773
2.356590682810003
2.5143138386986474
2.8130888505415483
2.4461825760928066
2.471445777199485
2.388516512784091
2.497542077844793
2.731087126515128
2.522416656667536
2.9869788885116577
3.283478184179826
2.3944154652682217
2.5653234178369697
3.8024513721466064
2.4092119715430518
2.8908732587640937
2.274061246351762
2.1568536216562446
2.5166598558425903
2.328682866963473
2.4953885078430176
2.441065549850464
2.2034307068044487
2.2776160565289585
2.682484345002608
3.0836343331770464
2.4635974927382036
1.9684443961490283
2.866078132932836
2.836241776292974
2.9326152476397427
3.07140437039462
2.568643103946339
2.356437780640342
2.3328756960955532
2.733751405369152
2.0721742510795593
2.107980153777383
2.9311880848624488
2.372726147825068
2.7100387703288686
2.3647856387225064
2.208255567333915
2.5206885121085425
3.301857980814847
2.8960401036522607
2.614306330680847
2.043710481036793
2.494368455626748
2.2786838466470893
2.125576517798684
2.969858245416121
2.52073166587136
2.8143949075178667
2.1141934286464346
2.859773711724715
2.5506323142485186
2.4502828337929468
2.535888661037792
2.176268853924491
2.62961162220348
2.0238128033551304
2.459654287858443
2.68684429472143
2.202067721973766
2.443640421737324
2.6065258112820713
2.3129100149328057
2.2628948146646675
2.370635986328125
2.4262276887893677
2.387046358802102
1.9641554843295703
2.3517662503502588
2.6334086764942515
1.9616249257867986
2.675787324255163
2.7349322492426094
2.6097566431218926
2.3988361575386743
2.1019305315884678
2.200988531112671
2.45250418511304
2.6831236644224687
2.341345256025141
2.2377395413138648
3.016183939847079
2.620891809463501
2.526300777088512
2.3236524625258013
2.5004662492058496
3.2965575348247182
2.3283736489035864
2.27615627375516
1.9725487719882617
2.694034132090482
1.6688463904640891
3.6467283855785024
2.445200735872442
2.150493085384369
3.175801699811762
3.4075387607921255
3.0165302861820567
2.5813934315334666
2.934895320372148
3.3045271960171787
2.5768261822787197
2.9968883882869375
3.0825476104562934
2.1418927149339155
2.2418212890625
2.453692978078669
2.558494817126881
2.532899336381392
1.9922615939920598
2.43216090852564
3.0000144893472847
2.260924382643266
2.3876791542226616
2.747368021444841
2.710085001858798
2.336731206287037
2.796599604866721
3.0580118135972456
2.5266131379387597
2.495423913002014
2.342199845747514
2.480284772135995
2.268264315345071
2.7337078506296333
3.3580530231649224
2.8468550226905127
2.5783843994140625
2.843845096501437
2.2420043511824175
2.287052956494418
2.852471037344499
2.674207015471025
2.923221544785933
2.6621553139253096
2.3716441013596277
2.5414597446268257
3.0303921699523926
2.1147527369585903
2.456869667226618
2.5825003277171743
2.0965752493251455
3.0920205116271973
2.9613078182393853
2.2233342257413
2.519738338210366
3.0659824284640225
2.7420619942925195
2.285540602423928
2.1375551332126963
2.9184766465967353
2.4459567828611894
2.5122773105447944
2.6457525600086558
2.6456884037364614
2.190682151100852
2.5007153424349697
2.321091511032798
1.930771215395494
2.4590858004309912
2.4227055311203003
2.0658481554551558
2.2032656344500454
3.5843406048688022
2.198246121406555
2.489411874250932
2.8129566691138526
2.6004121737046675
3.0215565074573862
2.130103501406583
2.808619726787914
2.631905637004159
3.53021901845932
2.43353592265736
2.3207531733946367
2.1214051734317434
2.488869471983476
2.698948784308
2.717955697666515
2.296240671114488
2.315013278614391
2.5946688760410654
2.8810980916023254
2.678345701911233
2.8471666791222314
2.7189529809084805
2.3548847436904907
2.1945007064125757
2.0237103429707615
2.2688993323932993
2.593793901530179
2.44156536730853
2.445068760351701
2.2777646563269873
2.046100540594621
2.6605058258230034
2.489429473876953
2.5094753937287764
2.609405821019953
4.24242027239366
2.124986399303783
1.9999416578899731
2.829216556115584
2.2269700548865576
2.5444131547754463
2.850850289518183
2.257508397102356
2.357666015625
2.233081752603704
2.0176922082901
2.1617786342447456
2.077868169004267
2.460727030580694
2.4817183993079444
3.1497028307481245
2.163069026036696
3.186904473738237
2.40032177621668
2.6141269423744897
2.2401186661286787
2.020879485390403
3.0055248845707285
2.3811275959014893
2.3697289445183496
2.348241253332658
2.314994389360601
2.24479664997621
2.786406712098555
2.626182935454629
2.161024743860418
2.1652273048054087
2.8778597875074907
2.730269041928378
2.4224370284513994
2.7689182216470893
2.6015996607867153
2.9174517501484263
2.3714580861004917
1.9958955591375178
2.329094409942627
