169.93775650171133
167.97832969518808
166.29727466289813
172.05264095159677
164.63945344778207
162.62719869613647
160.41155103536752
158.2757811179528
174.72098897053644
154.57205805411706
152.15791366650507
151.9088383637942
175.97851500144372
150.1041839672969
149.31868210205664
145.8337377034701
144.91647481918335
145.88536823712863
142.27492614892813
146.7880756671612
142.29253374613248
143.6834478011498
142.2487818827996
142.0581285036527
143.38582730293274
140.7172149511484
138.50800251960754
142.70892236782953
139.57309774252084
138.79379763970007
138.6548784145942
143.4253714451423
138.6126087445479
136.3954078417558
140.19518844102726
137.3316143842844
134.77582957194403
138.55934619903564
139.2603400212068
138.77494326004614
134.46408879756927
137.00478326357327
139.39963373771081
138.5454184092008
139.18539421374982
136.96729272546676
137.13110558803265
135.67570226009076
140.1296558196728
137.497508929326
137.1806363600951
139.5135691165924
135.4305087878154
133.5798840889564
137.52774535692654
137.17185121316177
134.91093114706186
135.26545772185693
135.8303252550272
149.54302179813385
135.42155645443842
134.43081632027258
137.3804751909696
136.43529453644385
134.18039061472967
135.26745453706155
139.29532423386206
136.5531887274522
145.26390490165124
136.0245621571174
136.78508965785687
138.9452464213738
137.53279854701117
134.94061981714688
137.14059871435165
136.54518936230585
134.03528811381415
133.11105942726135
133.36385179482974
134.2664751639733
134.01056197973398
135.7367720237145
134.9960240125656
137.2107602449564
138.50619535262769
135.26492162851187
135.3506989616614
152.61553771679218
134.95531146342938
134.7276771251972
131.9008902953221
135.3208772585942
136.6282748075632
132.45806846251855
136.6579530605903
136.66864351125864
137.1522534122834
138.17191382554861
179.2146502641531
132.3493841428023
