3.6704247756437822
1.1002030589363792
1.0238020040772178
0.7851620343598452
0.5471376410939477
0.406379832462831
0.27762228589166293
0.21292220123789526
0.20231435922059146
0.147067053751512
0.12398374453186989
0.1263532198288224
0.07947136461734772
0.09158085015687076
0.06412257457321341
0.06188064491884275
0.052535235712474045
0.06411159682002934
0.04621215672655539
0.03640765578232028
0.038746553896503014
0.03983961240473119
0.032970887439494785
0.05702775259586898
0.039351296187801796
0.03631236615844748
0.02891568128358234
0.022978173568844795
0.03829377906566316
0.01803820487111807
0.024773128457706083
0.024483933367512443
0.019866377623243767
0.020653398686342618
0.03872918862510811
0.02060358158566735
0.014793051068078388
0.026962739500132473
0.019145769998431206
0.023791645738211544
0.017312986945564098
0.02185341411016204
0.019294449339874765
0.019618154926733536
0.024515734646808018
0.013883908829567108
0.013660471293736588
0.012819608969783241
0.011925381438975985
0.02070379714396867
