17.69584928240095
10.557201975867862
8.368664105733236
7.312754540216355
5.783983548482259
5.395227500370571
6.374322221392677
5.3862847827729725
4.300116380055745
4.58480091322036
3.9256525323504494
4.315962995801653
3.5769347690400624
4.313578077725002
3.573006190004803
3.55635696933383
4.117878249713352
3.6122213431767056
3.4545235009420487
3.197894286541712
3.78463161559332
3.8066311336698986
3.6862238815852573
3.4725500629061745
3.070733450707935
3.087170118377322
3.2557354285603477
2.992505919365656
3.151136352902367
3.252929937271845
2.72838865007673
2.920564878554571
2.560895766530718
2.7160989613760087
2.3996561566988626
3.3290437573478338
3.0124444365501404
3.0019856691360474
2.677747919445946
2.9686687730607533
2.726107202825092
2.70269509156545
2.6427670263108753
2.367796404021127
3.2844654208137873
3.370019345056443
2.900135017576672
2.995527923107147
2.7212515416599454
2.5647079149881997
2.5105547649519786
2.8546679814656577
2.7721353740919206
2.877010935828799
3.246354858080546
2.5845357463473366
2.7020010295368375
2.807303099405198
2.516458755447751
2.518663974035354
2.81437539486658
2.909006323133196
2.7361221654074535
2.878647131579263
3.2360651124091375
3.077507984070551
2.75900445665632
2.9246776756786166
2.8452444076538086
2.7887152830759683
3.2195883251371837
2.641916734831674
2.917681430067335
2.779866533620017
3.2047874955903914
2.568787796156747
2.5890103039287387
2.8929915882292248
2.9695258906909396
2.470614643323989
3.1430357354027882
3.2580997149149575
2.612270707175845
2.828407401130313
3.0915182318006242
2.816728739511399
2.869861838363466
2.815789818763733
2.8670773052033924
2.4741912313870023
2.402143492585137
3.2047899961471558
2.6009339619250524
2.5674418154216947
2.2155871987342834
3.2216574180693853
2.8783417372476485
2.899716161546253
2.9038018669400896
2.638254083338238
