22.452396529061453
18.31766973223005
13.78225667136056
9.660636107126871
6.462967611494518
4.300761097953433
2.8896956784384593
1.7069653641609919
1.177804030123211
0.8342150371699106
0.6055015483427615
0.531130549985738
0.49005600277866634
0.4101287784675757
0.5333063591803823
0.6429111031549317
0.4055312139292558
0.3665070122196561
0.5265944188549405
0.48638988339475225
0.2796537507148016
0.27792238994013696
0.4110050116266523
0.3129651709681466
0.2758347781463748
0.36900815899883
0.2904816307127476
0.1929673868275824
0.397555006756669
0.33359488383645103
0.37071548650662106
0.47803557318236145
0.2397687573518072
0.30617337957734153
0.45267524712142493
0.23420046127977825
0.4625998079067185
0.41229874339132083
0.2180160786069575
0.3127841683370726
0.2306554632350093
0.2598409719676489
0.18890758612681002
0.2956512501197202
0.22369357979013807
0.3178547469987756
0.2898555872961879
0.1790784535308679
0.22476851172922624
0.17250831301013628
0.17388378438495455
0.27535803465261344
0.35965893222462564
0.26389178456295104
0.3051074974771057
0.33839246275879087
0.2431965670770123
0.3148822718787761
0.40737766142757165
0.28612982854247093
0.32723441737748327
0.30812061578035355
0.4166821848955892
0.43145492761617615
0.384987176351604
0.31395082942964064
0.16634597753485045
0.2539509639498733
0.27150077443747295
0.31012386465001673
0.3015306897993599
0.2940566309151195
0.32150865541327567
0.2534758667683318
0.18906754060160547
0.3107481565149057
0.20556565924059778
0.21736298811932406
0.191708331218078
0.2431761170072215
0.14097226521975936
0.4320935941345635
0.35794286412142573
0.28877065366222743
0.26948967425241355
0.3415804986088049
0.3351474024710201
0.2373355579163347
0.25573975273541044
0.3446250905593236
0.2550019848914373
0.2974692457133815
0.2480708851168553
0.3805550459240164
0.47493516458641916
0.2459665628238803
0.34927776642143726
0.39367071193243774
0.2546646905442079
0.36246143622944754
0.4407442535406777
0.3618849462696484
0.269597399802435
0.31712522863277365
0.2151911232975267
0.36781990634543554
0.37808430523035075
0.2409361611519541
0.3958232028942023
0.25248770220648675
0.33677992898793446
0.4103810941534383
0.2443068955271017
0.2924865015471975
0.4668322644595589
0.3658068323773997
0.3675299861601421
0.3670808145155509
0.29076972967457204
0.2597081602684089
0.37514701210671947
0.2862292733930406
0.2133869645850999
0.36163302954463733
0.3828636105837567
0.24033265037550813
0.29216352406711804
0.3621180862897918
0.3865456460487275
0.31779023078048513
0.26720114260734545
0.22268651931413583
0.34798824042081833
0.3277070710346812
0.24633741427567743
0.3268205165596945
0.341434768888922
0.16412420047535783
0.19033378291697728
0.26807809505789054
0.29033873451962355
0.26419642851466224
0.3368239077695069
0.42431107677874114
0.281105936283157
0.19988817340206533
0.25433378094541176
0.30340205248267876
0.25369550278853803
0.23225355024139085
0.313185922890192
0.3312632952861133
0.21838608384132385
0.3274919104185842
0.25602524186528863
0.262728370371319
0.301510175246568
0.2878030894235486
0.35207866895056905
0.15941148654868206
0.29617746121117045
0.2671062956076293
0.18873828844655127
0.36941606196619214
0.32977790443138
0.24187798452164447
0.19264933240732976
0.2932682155764529
0.35697619767770883
0.25369785559762803
0.2565850739677747
0.2210931848912012
0.27681190485046026
0.2910805239918686
0.3587961782745662
0.3155451695922585
0.541112265860041
0.25173946540980113
0.24310792756399938
0.26555435124429916
0.34767992120413554
0.14883445469396456
0.35967382735439707
0.358124014832789
0.32943067983502433
0.27946652472019196
0.29740000968532904
0.3344947160886867
0.22455082523326078
0.38394036206106347
0.24810356974956535
0.1899388964243588
0.3057071995877084
0.27195865749603226
0.3125901412928388
0.34125689195380327
0.18794513511515798
0.4290407628175758
0.2579769504566987
0.3388341713164534
0.4863663874566555
0.22330938794073604
0.19146113053319
0.29437620591904434
0.17734203571897178
0.2898086364425364
0.36909653885023935
0.2849395864953597
0.17920693666452453
0.35738619337124483
0.2608841434121132
0.29031587374352275
0.28997008227521465
0.31982596014581977
0.4289364129127491
0.4087172519593012
0.3401984703682718
0.3301844658063991
0.18641085434882415
0.21231324988461675
0.2954923865341005
0.394885843797099
0.2142036951013974
0.3311460566307817
0.2067869430673974
0.44775213877714815
0.33288859646944774
0.4551701613125347
0.21438225722383886
0.27724328690341543
0.29357845841773916
0.27599684698950677
0.20303112144271532
0.3483257538505963
0.2567202393852529
0.30508087389171124
0.18888663766639574
0.24376596191099711
0.2534973265691882
0.21487964499032214
0.24143695405551366
0.37062662316574935
0.243048056073132
0.3084008836497863
0.3027358804607675
0.2926058005541563
0.19189429753238246
0.24504432122090034
0.37462858979900676
0.25489173581202823
0.25824186188124476
0.2278586896136403
0.19018769140044847
0.1918496499281554
0.24050264202413105
0.1949252880045346
0.4126071522810629
0.25097882463818505
0.1746440777289016
0.25550612133173717
0.30135279964833034
0.36130004349563805
0.3485240787267685
0.2156258210362423
0.28514208555931136
0.28015590867116336
0.16658190070163637
0.5592884362808296
0.2316767316134203
0.3590044914966538
0.2216824640830358
0.20960424849320025
0.44093423017433714
0.19925172431837945
0.18792441301047802
0.3065888551729066
0.36666974975239663
0.2884181189749922
0.22380272955411956
0.20873401491414934
0.27953646261067616
0.3109356200854693
0.1941115613139811
0.28568394029779093
0.33806865254328367
0.24393137641960666
0.194464372604021
0.25187576109809534
0.2918048884187426
0.33824711408288705
0.22631719885837465
0.19864123403316453
0.26616598080311504
0.3173356368428185
0.2391348851933366
0.38461108612162725
0.27180227885643643
0.23201413062356768
0.3613579702519235
0.3705297603848435
