170.20460539597732
169.93698618962213
169.42717163379376
170.20512573535626
170.21785681064313
168.48341219241803
237.14009090570303
168.72286239037146
168.76365837684045
168.53218030929565
169.020997267503
168.22516005772812
168.4197388795706
168.15121683707605
167.96262432978705
167.89458120786227
168.10272158109225
168.68889097067026
167.8272243279677
166.90812228276178
166.9649305343628
166.75036943875827
174.21161739642804
166.14780323322003
210.06556848379282
165.34826458417453
165.97184481987586
165.82599713252142
165.18332716134879
199.35838039104755
164.9542427429786
163.48402976989746
229.57480155504666
162.21693600141086
163.22975635528564
161.8338528413039
162.61671968606802
160.0077495391552
160.01562573359564
160.77997317680945
157.61077451705933
159.62521446668185
223.3904570066012
209.6488794546861
157.13484118534967
156.77510001109198
181.26341240222638
154.7147911145137
155.61517524719238
155.40694064360397
153.5205119573153
151.8094064272367
152.22204817258395
148.71440414281992
150.2684197976039
157.5182381776663
151.84614517138556
150.3473456822909
146.63359088164108
149.23184783642108
146.50928809092596
187.16240178621732
148.77082437735336
157.31733971375687
144.2825793302976
144.9861928683061
146.4701330936872
141.6636628004221
142.4030737876892
154.9261496617244
141.7514766913194
141.34006113272446
141.68074889366443
143.36787286171545
138.49043251917914
140.5596968944256
137.34269046783447
138.17252094929034
138.38023301271292
135.83317312827478
136.64880294066208
135.67158567905426
140.82078886032104
133.65073618522058
134.43699859197324
136.0203192784236
129.72389524716598
134.30210810441238
133.55514362225165
132.7529294659885
131.3035890505864
130.49577678166904
131.11176784221942
131.8486925638639
129.36173620590796
127.85201601798718
186.95882723881647
125.99926547820752
126.80962361739232
141.895549425712
124.80405956048232
130.21256945683405
123.69278140251453
133.06864036046542
124.8600746026406
126.73804754477281
164.42544673039362
119.77441403499016
125.62747363617214
124.3446570451443
120.404700251726
123.39113770539944
123.60725391828097
128.69102944777563
120.87238618043753
119.74809239460872
120.111812380644
122.70747986665138
117.3428486264669
149.16732813761786
163.86313084455637
120.77084669241539
115.59631094565758
130.05896583887247
120.04977556948478
118.88147936417506
118.64268788924583
174.78031712311966
114.58576321601868
153.80291848916275
118.27664525692279
115.32374194035164
116.4459542127756
177.03770183599912
114.22437603657062
175.3906465126918
114.73560124635696
115.25124448079329
110.92165151009193
144.878893998953
114.6633625947512
111.19979275189914
124.42962102248119
108.94341333095844
113.39714706861056
151.93784633049597
113.1223840713501
165.88252493051382
115.41479959854713
108.60025500104977
