171.10719886192908
169.43046907278207
179.73319068321814
168.43387955885666
170.45691827627329
163.28407962505634
143.2734574538011
135.24916260059064
125.35201494510358
127.4582537137545
115.04182815551758
94.27014600313626
78.66950489924504
78.33078780541054
99.76573151808519
79.67415039355939
57.59199098440317
62.508246165055496
46.555483891413765
39.23961940178504
51.41844764122596
38.873134539677544
36.17477061198308
34.9822017963116
33.90716637097872
30.709495691152718
27.029524656442497
27.825251432565544
21.21353369492751
19.744070273179275
17.507292307340183
27.06878144924457
22.718708735245926
14.420367387624887
17.457697024712196
12.757661250921396
8.197948914307814
14.322760206002455
25.02390632262597
11.50998251254742
22.622726843907284
12.277086863150963
7.256126147050124
10.374138520314144
18.726690952594463
9.906089461766756
10.280828292553242
7.829837340574998
11.9944373185818
8.917319756287794
9.88145973132207
7.186533469420213
4.582905173301697
7.696832574330843
7.50225985967196
5.660466313362122
6.880467534065247
4.900010714164147
9.551406493553749
6.27232524064871
6.697011232376099
6.090203982133132
7.519302615752587
6.158427545657525
5.028201039020832
6.713643229924715
4.594991005384005
5.851147394913894
7.5506506608082695
5.427617797484765
4.139155250329238
7.658106840573824
6.181212562781114
9.741064108335054
5.243014702430139
10.167278702442463
6.258475519143618
5.825192974163936
6.088001269560594
11.025849764163677
4.856249121519236
6.158847937217126
3.435782716824458
10.342835077872643
6.911064175459055
3.531363056256221
3.9400944801477285
8.119593189312862
3.807583212852478
5.722354274529677
5.888739860974825
3.070985253040607
3.9600102993158193
5.415968408951392
5.49008873792795
4.45152721955226
5.2837688739483175
5.748611500630012
4.445103801213778
3.763175047360934
3.768025196515597
7.314960699815017
4.232540703736818
4.032402891379136
5.533555397620568
3.733339401391836
3.8376871530826273
4.401569256415734
4.10941862143003
5.536305748499357
3.319574291889484
4.61999851006728
4.786349479968731
4.871412506470313
4.112953892120948
4.744471815916208
6.335310615026033
8.183969791118916
4.838739963678213
3.866276924426739
5.24294623044821
6.546628062541668
4.95705003463305
6.3548591412030735
4.1887406936058635
5.213943385160887
8.165732906414913
5.476252198219299
4.589017423299643
4.831397881874671
9.673403785778927
4.836704254150391
2.980688736988948
5.699046034079331
4.966990700134864
3.2340853672761183
4.184337817705595
2.8298132786383996
4.487549946858333
4.199859894238985
5.316929688820472
5.778259900900034
3.9061084343836856
4.824760464521555
5.913341247118437
4.1753004514254055
4.9547065404745245
3.275992127565237
3.258470205160288
3.663018584251404
5.326605141162872
2.8462383105204654
4.75905781525832
4.464747291344863
2.3960958398305454
6.0676576265921955
3.8301760233365574
7.895118933457595
3.0270194090329685
4.1915384989518385
4.038435789254995
3.832491397857666
7.12952275459583
10.20546488578503
5.067471760969895
4.012296254818256
3.5443884501090417
3.175029314481295
2.9191692884151754
4.4348883262047405
5.203487506279578
3.536831470636221
7.456842330785898
4.186878488614009
4.010892606698549
5.67135187295767
3.1141142753454356
8.869966690356915
3.843621162267832
4.620938631204458
9.054322352776161
8.383719425935011
10.621648733432476
3.004423003930312
5.955208980120146
5.4156373876791735
3.371257030046903
3.890315509759463
4.346314439406762
6.336680577351497
7.9135636916527385
4.492703107687143
3.8921338503177347
8.442019398395832
4.155295179440425
3.5823291815244236
5.484902381896973
6.510932706869566
4.5099213765217705
7.2002832522759075
4.208152587597187
4.262891384271475
4.910960188278785
3.796952036710886
5.661384967657236
3.346640082506033
6.493740916252136
9.354675320478586
5.104798096876878
4.264874219894409
3.468167314162621
10.400623977184296
5.694403299918542
8.581082307375395
5.811015404187716
4.070305448312026
7.982596521194164
7.557042754613436
6.373752951622009
4.7380858201247
5.325883782826937
6.447850740872896
3.4501804388486423
3.285182081736051
4.448965512789213
5.672843823066125
3.814303090939155
3.0753933787345886
5.8110816570428705
5.523052114706773
2.7564044090417714
6.481622769282414
4.4105927760784445
8.431680289598612
4.677065693415129
3.218312923724835
3.5035129602138815
2.9394987729879527
3.632216976239131
4.446526995071998
5.23729509802965
4.690347029612615
5.953847490824186
2.7142859055445743
6.662022810715896
3.654257297515869
6.688609288288997
4.781223865655752
5.939966797828674
4.239614019027123
4.739119190436143
3.4159592390060425
6.384596806306106
6.546939950722915
8.195961567071768
4.4436777646725
5.614270989711468
4.058138232964736
4.708944339018601
4.8547466809933
4.490924908564641
5.070389765959519
9.752634924191694
7.920707143270052
4.139059516099783
3.6933586047245908
2.6936587278659525
4.122961502808791
3.083054327047788
10.68479727781736
3.6351928619238048
4.867920646300683
6.3514712407038765
5.069613291667058
4.781994205254775
4.977780681390029
4.507989984292251
4.509156804818374
4.36254543524522
3.436816857411311
5.350028404822717
6.410580662580637
8.74380180468926
2.5619886838472805
5.326050263184768
4.259737940934988
4.4924522042274475
3.189356510455792
3.7584869861602783
4.120355835327735
3.9481251881672788
3.615543333383707
3.228817114463219
4.834059210924002
7.0345777456577006
6.104623718903615
2.736632695564857
2.923822833941533
6.368461452997648
6.117139674150026
