20.30834111713228
15.582885787600564
11.77888518288022
8.874652351651873
6.4696466355096724
4.942553429376511
3.451910450344994
2.7490338938576833
1.8210311233997345
1.5024239875021435
1.2280744122607368
1.1103566147032238
0.8119476260173888
0.8438687679313478
0.8642307718594869
0.549208206080255
0.7498209504854112
0.5235126884210677
0.6397768173898969
0.4317118912225678
0.5879159062391236
0.5201770418456623
0.5764547157145682
0.414783965973627
0.5585892416891598
0.4151614514135179
0.41933165455148336
0.3040516543246451
0.46421269824107486
0.4657379300111816
0.39281877946285976
0.4281336328103429
0.3868949241226628
0.32257943760071484
0.5149922337205637
0.29831174078087014
0.39954031968400594
0.3717510024351733
0.28430518401520594
0.3721564967362654
0.3534534468005101
0.4176362476178578
0.23881375097802707
0.3280251693157923
0.3049976897558996
0.45291431257057757
0.26444021488229436
0.47000066634444965
0.4387913963624409
0.3872468998389585
0.2537707022967793
0.4149799050674552
0.36153743717642056
0.4055783179189478
0.3723604159340972
0.529183915151017
0.35684449278882574
0.3682377201815446
0.5092417078003997
0.4277204009039061
0.4411029899936347
0.3745764646501768
0.3494463059164229
0.31165337365209345
0.2681135838585241
0.37438963211718057
0.35054448566266466
0.5638339668512344
0.40990657412580084
0.42099266109012423
0.45644438781199004
0.2841571392047973
0.2769806497685966
0.2829129674604961
0.4646731897124222
0.36446166694873855
0.4089807513214293
0.2659642565108481
0.31612763536118327
0.3370821825450375
0.30111178134878475
0.3020565484960874
0.451267059892416
0.34417408882152467
0.25231601155939554
0.5455249910730691
0.36744614424450056
0.2824744103210313
0.2286557319263617
0.42796418390103746
0.36496175249062834
0.25324754576597897
0.4162185784606707
0.47179347418603446
0.30407977050968577
0.4585419403655188
0.3292619601956436
0.5742821778569903
0.4564941603512991
0.27108590703989777
0.4154540091043427
0.3518427922612145
0.3698861895217782
0.3865120192723615
0.44885637149924323
0.3354404281292643
0.2589584415157636
0.3634172897963297
0.3477691359640587
0.3149375104833217
0.3829454392904327
0.43469390663362684
0.3551234191372281
0.37161609743322643
0.4998376089192572
0.37093392777301015
0.49668007414965404
0.2417245413221064
0.3856815974272433
0.3014954560924144
0.4464904605632737
0.3824954107403755
0.39424546914441244
0.34373501697111697
0.33617242283764337
0.34054066205308553
0.3160859133516039
0.3321615977301484
0.29256298020482063
0.21592566317745618
0.3275621013627166
0.4193642870301292
0.5884207135864666
0.4005076333525635
0.5271607414774951
0.25884431236911387
0.30510246913347927
0.39070583995254266
0.3656779992438498
0.3169104815238998
0.28295171775278594
0.36395697331144694
0.21273723812330336
0.3700843762074198
0.44729585644035114
0.2493798571328322
0.3864437084467638
0.3354588796695073
0.3686761966063863
0.5512560357650121
0.3373156123395477
0.4683005158745107
0.37540299338953836
0.2672675773501396
0.335122306254648
0.2977780318331151
0.30044899765579475
0.2188254621412073
0.4561085633578755
0.23299819461646534
0.3363745314556928
0.3765597508421966
0.49720663116091773
0.3561917481323083
0.46920153729262803
0.42333037601340384
0.2864288875744456
0.2578778217236201
0.2864387697052388
0.24307017170247577
0.4122972344713552
0.443298485218769
0.29191166286667186
0.4031584475721632
0.29297969543508123
0.24208794179416837
0.1981809251010418
0.28309039682859466
0.40314812443795656
0.4227733214696248
0.38807553372212816
0.32948996197609676
0.36794151383496465
0.34791220547187895
0.42079977850828854
0.29423325544311885
0.26143271298635573
0.34635734575844945
0.37112641370012645
0.4414727458996432
0.5087946044015033
0.46495569506216616
0.2740268758719876
0.2930774374731949
0.3761942840757824
0.42126931498448056
0.4733509435540154
0.3226296793492067
0.23094344050401733
0.3165968738141514
0.3150422661786988
0.37386603085767656
0.5498242937028408
0.3119378694820972
0.35129444159212564
0.26437566003629137
0.43771549385218395
0.25592999160289764
0.34598402794273125
0.27634780658852487
0.34112230794770376
0.26698573785168783
0.3166968363026778
0.4230876655450889
0.36061458768589155
0.42361035002839
0.3131987480890183
0.3433259998758634
0.44071536298309055
0.38134066441229414
0.3338392596869242
0.3070406721283992
0.30892122306284453
0.25917721034160685
0.40104047599292936
0.4055114452328001
0.3936119061850366
0.3866007333355291
0.6010124261180559
0.27835648134350777
0.20042883338672773
0.3999952993222645
0.3027846694347404
0.3031400055402801
0.48185466460528825
0.44446068150656565
0.3154583748962198
0.3892757660221486
0.26588299604398863
0.27192345545405433
0.3985788696223781
0.3155878721958115
0.4470448912609191
0.23092100041962804
0.332249647804669
0.36934720618384226
0.31214264106182826
0.5362355790677524
0.44918416174394743
0.3712460778298832
0.44000100663730074
0.2461506738549187
0.31540850301583606
0.2635622845873946
0.4426371201518036
0.43762604448766934
0.27095901256515864
0.41259447839998065
0.3873392141291073
0.2519212698652631
0.38357754087164286
0.30843587272933554
0.33075123581857907
0.41781388666658176
0.3237725780123756
0.40671071889145033
0.5029398277401924
0.24672302328759715
0.4429343215056828
0.25666336839397746
0.30054241028569995
0.4169283876461642
0.4979157820343971
0.4126063644708622
0.38902649673677625
0.33662842409241767
0.3110878444498494
0.30624319471064065
0.33445210187208085
0.2541502481769948
0.26742988470054807
0.34505602061038926
0.3667157366871834
0.3663727933807032
0.1976983519714503
0.3854975507018112
0.32043553986364887
0.5019052603415081
0.28851602421629996
0.36891646470342365
0.22731137346653713
0.3569871013363202
0.37451163093958584
0.4606158108938308
0.29606240845861886
0.3684383719449952
0.24063646722407567
0.5990668659408888
0.40039209090173244
0.33499390560956227
