155.49509561978854
146.8167860324566
136.33992649958685
132.5487427344689
129.47542553681595
125.06483818934514
117.47317211444562
113.98184329729814
110.25146552232596
107.87125338040866
106.35376644134521
108.97296087558453
104.08971489392795
101.29449778336745
102.3361810537485
104.6117487687331
106.54331398010254
101.13159267718976
104.06946182250977
99.23344304011418
109.33023144648625
101.69304950420673
99.51511705838718
100.14038672814003
99.02013624631442
103.23814700200008
100.5967771089994
101.86113885732797
103.05649478618915
108.7069756434514
102.76798776479868
99.40863491938664
101.9242051931528
101.5423451937162
99.35756389911359
100.60662372295673
101.01420226463905
111.65866881150465
102.19385638603798
101.53395520723782
103.46841371976413
100.30789096538837
101.97913037813626
99.96556149996243
104.73728825495793
102.40053866459773
99.43903600252591
99.12549591064453
99.14476086543156
99.02942371368408
99.43166116567758
98.98887546245868
101.06888338235709
99.33712871258075
99.87789168724647
98.90976289602426
99.30733093848595
99.00589194664589
103.80227397038387
99.31310389592097
100.85494070786696
102.73395699721117
100.11465160663312
104.98140672536996
98.65029056255634
103.60952641413762
99.47109662569486
102.22378114553598
99.59796538719765
96.99582745478703
97.69600736177884
102.75812515845665
96.17669941828801
105.63855640704816
98.11757249098558
95.25910406846266
100.32681208390456
101.80536299485426
100.1999018742488
100.17987398000864
104.1916762131911
100.25366973876953
95.08364633413461
96.20754388662485
96.74363620464618
100.12931104806754
98.27923026451698
94.8709997030405
102.78189431704007
97.67956396249625
95.66059765448937
99.33698331392728
94.38896700052115
92.83957723470834
93.44677917773907
97.31733014033391
96.2531554882343
94.49036686237042
91.59268078437218
94.64862016531137
