6.159681114283475
1.5395799360492013
0.9310555999929254
0.6175742420283231
0.7703659371896223
0.8964882357554003
0.41244538128376007
0.296033265915784
0.17971743101423437
0.12398865480314601
0.10373944619839842
0.07283435728062283
0.048423615538261154
0.038501226766542954
0.02729760567572984
0.019685288848863405
0.012900355017998001
0.008750210918316787
0.00846505474129861
0.006875325713983991
0.0036766733550889926
0.002396765228530223
0.0013521316524764354
0.0009276893265037374
0.0006674489162502472
0.0005628438401882621
0.0005250433684771203
0.0003014024186995812
0.00023408378315666184
0.00019029272979506376
0.00015306894982297143
0.00011104884668549693
9.422368864100214e-05
8.129905092408245e-05
7.477091449717673e-05
7.339366526469927e-05
6.187444159877487e-05
5.3847073517813854e-05
4.765673359295099e-05
4.542694378787101e-05
3.7880092101907145e-05
3.682442603679771e-05
3.317334874902206e-05
3.3926784371115815e-05
2.9338306913731767e-05
2.919937097348421e-05
2.7218016012656417e-05
2.4288514272153737e-05
2.2316130184663052e-05
2.2559176975598596e-05
2.0752915692024875e-05
1.975103656480893e-05
1.889055039844772e-05
1.941992321586771e-05
1.8092770093599857e-05
1.7329810113799546e-05
1.777990188532964e-05
1.6022764798022266e-05
1.7333733456904486e-05
1.5705953811365443e-05
1.4353033252105392e-05
1.523435583873255e-05
1.4086168970483083e-05
1.375731677523039e-05
1.3548129521206482e-05
1.4314223759273856e-05
1.29071620035988e-05
1.3790330099668195e-05
1.2951653192513648e-05
1.2689639168622142e-05
1.2233382862673766e-05
1.3124216882881063e-05
1.1887830608388454e-05
1.1839730492821134e-05
1.2738979338874659e-05
1.1637822007576853e-05
1.2610546036739834e-05
1.1466206635966294e-05
1.1507285039029243e-05
1.1652238630300747e-05
1.1323109555922366e-05
1.1264458986591887e-05
1.1082397851292956e-05
1.1486952442654994e-05
1.108178082631639e-05
1.122830242779442e-05
1.095582515827945e-05
1.1024235817558292e-05
1.1025692778978488e-05
1.082388057615059e-05
1.0808111800935711e-05
1.0920103167419173e-05
1.0873277501973048e-05
1.0858581845241133e-05
1.0746982349535921e-05
1.1722424894535585e-05
1.0714572800390505e-05
1.1613529388589747e-05
1.0823088840342363e-05
1.0745374021842673e-05
1.0776221472497127e-05
1.0705724972384898e-05
1.1532633390164516e-05
1.0639321653177996e-05
1.1515005072934317e-05
1.126251661596391e-05
1.0882777316241613e-05
1.1498773718895707e-05
1.0847942741582466e-05
1.1636455951702374e-05
1.152901342555362e-05
1.1673164015684796e-05
1.0843252756454934e-05
1.0814192493894966e-05
1.0600156594426318e-05
1.0598355722570638e-05
1.1538697647624344e-05
1.0626787271080088e-05
1.0694539159058794e-05
1.0698125410354722e-05
1.0599253331830285e-05
1.0768263543716536e-05
1.0592630494763647e-05
1.057781338431596e-05
1.1533882777505575e-05
1.1331323445450504e-05
1.0580630172088687e-05
1.0620446491057836e-05
1.0691611702317129e-05
1.0825312394693107e-05
1.0741446658357745e-05
1.0664972623172533e-05
1.0672740948145723e-05
1.1141277106865097e-05
1.0629571120675378e-05
1.082069792346374e-05
1.1570818142817272e-05
1.0595543327243915e-05
1.0582032550907819e-05
1.0576200718436336e-05
1.0941248815883723e-05
1.1134538593441077e-05
1.0736333592831215e-05
1.0721842841121543e-05
1.0735237685304872e-05
1.067630578497549e-05
1.085625394187611e-05
1.0610292117069713e-05
1.0680620789571549e-05
1.0708597373691605e-05
1.0672122571846062e-05
1.0649914827354223e-05
1.0849105075811332e-05
1.0608763773234386e-05
1.1453182578820401e-05
1.057284947592052e-05
1.0924461610722409e-05
1.0581467677184264e-05
1.0585672627753825e-05
1.0847700154541103e-05
1.0643950593641256e-05
1.0579179037118923e-05
1.0596904763298715e-05
1.1610402065219784e-05
1.069765364098368e-05
1.0601724682146596e-05
1.0637393963654837e-05
1.0598588759917634e-05
1.0855087659613425e-05
1.0585906517752102e-05
1.1548678101421087e-05
1.073200680097712e-05
1.061601849208025e-05
1.1514519345920151e-05
1.0626721312043877e-05
1.0606632796142632e-05
1.1666614186238307e-05
1.060194424760332e-05
1.0697109220555747e-05
1.0600741104967296e-05
1.0603299415379297e-05
1.0577096066878188e-05
1.1454442223814773e-05
1.0675534192407874e-05
1.0717776061400484e-05
1.0940999614335437e-05
1.1245921624239683e-05
1.0941885947927817e-05
1.0701935418017621e-05
1.0650434727598292e-05
1.0584353173147644e-05
1.0748808563221246e-05
1.0580177894842729e-05
1.062939655970364e-05
1.1054905929664859e-05
1.0596402985770096e-05
1.2304719348321669e-05
1.0705182448460123e-05
1.0638684774345496e-05
1.0624240096810603e-05
1.1592892157998655e-05
1.0684380317694707e-05
1.1299874258115365e-05
1.0648741842735696e-05
1.079640930418629e-05
1.074728792942055e-05
1.057032828942862e-05
1.0715485524831985e-05
1.0960209020926083e-05
1.0747010316498e-05
1.0575749714999718e-05
1.057510555245823e-05
1.125201076103043e-05
1.0587736555449242e-05
1.1116433773333318e-05
1.0926893997458881e-05
1.063711474361381e-05
1.0578380428424596e-05
1.057603452894992e-05
1.1203148718860492e-05
1.0902904612273481e-05
1.0631860561716167e-05
1.082392887755387e-05
1.0733858930093861e-05
1.0670873652171311e-05
1.0654430938798628e-05
1.062559197800345e-05
1.0577135309507536e-05
1.1182259919967857e-05
1.0571898113456966e-05
1.0596421899125827e-05
1.0659551466315778e-05
1.1258163919013565e-05
1.0571937273404977e-05
1.092447667939599e-05
1.0613170244058976e-05
1.0613313931302896e-05
1.058926123030026e-05
1.0613466026205225e-05
1.0717845456879745e-05
1.1308073165526945e-05
1.0738306648570209e-05
1.0728419542002401e-05
1.1258320538135278e-05
1.0578868904593202e-05
1.0702997849937839e-05
1.0686489428156744e-05
1.0620963859185974e-05
1.0874876383323597e-05
1.0681319984293871e-05
1.0796227157201924e-05
1.059051411609537e-05
1.0592224575909562e-05
1.0605396183068065e-05
1.0595711563093408e-05
1.0589185731904847e-05
1.1501506409414022e-05
1.0808428369686721e-05
1.069794354241987e-05
1.0615347471023348e-05
1.1555590808918417e-05
1.0654152974480398e-05
1.1496231205786568e-05
1.099470207257334e-05
1.0726080373305278e-05
1.0748050220337808e-05
1.0691225022376536e-05
1.0577005649669115e-05
1.0581465253587588e-05
1.0646954911728493e-05
1.1703964591189022e-05
1.0609541039808722e-05
1.0575181394497948e-05
1.094081994779117e-05
1.0667763407664923e-05
1.0580710419493368e-05
1.0655146215040903e-05
1.0636163810059687e-05
1.0700718979189167e-05
1.0956392204971879e-05
1.0634666047983707e-05
1.07003329503641e-05
1.0658796420350633e-05
1.0692649766497198e-05
1.0737332665009738e-05
1.102248172008496e-05
1.069202237018048e-05
1.066521974735224e-05
1.0603906978510416e-05
1.0633779078778554e-05
1.0717187571820183e-05
1.0649273269274834e-05
1.0717580070459833e-05
1.0867308302212306e-05
1.059129526352494e-05
1.0743784535158987e-05
1.0632276407498217e-05
1.0675878849559178e-05
1.077440264328867e-05
1.0914406309645777e-05
