16.44956181266091
10.006363131783225
5.629668387499723
3.1137225194410845
1.6125397221608595
0.8074514960700815
0.44834655794230377
0.27522178061983804
0.2864461791786281
0.133028620346026
0.16541879895058545
0.1885408918288621
0.15774106606841087
0.15451774204319174
0.0677775793962858
0.11882113250480457
0.215723493559794
0.06225832890380512
0.1058264672756195
0.05966779902916063
0.1492332728071646
0.06731224081225017
0.1811593813313679
0.08574898473241112
0.12997521680187096
0.14850646257400513
0.09710900028320876
0.085566345856271
0.14471697536381808
0.14806232465939087
0.12348425066606565
0.10697985855354504
0.09302165393124927
0.16197142686525529
0.06650065469809553
0.23398105122826315
0.3835280977866866
0.1343544763089581
0.09870406282557682
0.1374213227324865
0.06512132058428093
0.06312552187591791
0.24927812586115164
0.14106117087331685
0.11882167698984797
0.1140486230565743
0.08219576013189825
0.15717940184880386
0.057935458988967264
0.14200747990980744
