165.45638080743643
151.16548845401178
138.95267174794122
123.0055288534898
117.03599976117795
113.06396242059193
105.79985347160927
108.20222687635284
134.63983803529007
112.81252332834097
105.10471707123976
99.89560554348506
99.4976063141456
98.60669532189003
104.20763538433955
103.67104626045777
104.71477647928091
122.26832298132089
102.88830555860812
104.37789491506723
104.31231095240666
99.03979697594276
104.12925298397357
105.76193244182147
99.19712495803833
102.04144315536206
122.06052406017596
103.17269607690665
103.3525408598093
98.30646778987004
105.19552711340097
96.91260599287656
103.59055711672856
98.80077519783607
108.75460991492638
147.6331075154818
99.72275112225459
107.8099862062014
103.13625757510846
104.46330646368173
99.3301566197322
98.18409945414616
114.29786172279945
105.55749056889461
104.27875859233049
104.9352827989138
101.23306150326076
105.64641811433606
100.92477499521695
102.67124828925499
105.6944712125338
101.82930711599496
97.29990168718192
98.64030041602942
102.73163474523105
104.61041168066171
104.95089024763841
103.58841992570804
98.42926751650296
102.36087509301993
145.9638381921328
104.36429243821364
101.5526840870197
100.22671461793092
108.19163709420424
99.10639960949237
104.10350659260384
100.93746277002188
124.46944104708157
101.09619505588824
102.087074137651
104.24388995537392
98.40795715038593
100.34917593346192
104.68616153643681
104.05950640715085
103.13142835176907
105.45852004564725
105.60976281532875
101.84714970221886
97.80931995465205
101.09107622733482
102.34959502403552
103.27915921578041
116.55803335629977
101.01834469575148
103.34447952417227
100.96517078693097
124.36728899295514
100.72520860571127
102.71713295349709
98.19451357768132
96.66536244979271
123.5946356700017
100.5470672570742
101.40533392245953
100.93982714873094
111.32494926452637
103.42278490616725
98.9397354401075
