173.4376248579759
202.21556010613074
173.15714102524979
171.5296343289889
171.82717403998743
170.43321162003738
170.57378402123084
186.94453092721793
168.50535044303308
210.26969641905563
168.501094854795
218.701090665964
164.08547368416419
164.15557010357196
162.68446045655472
163.82030035899237
164.16827770379874
162.72722346966083
163.4626470712515
160.51633244294388
160.33739610818716
159.24022663556613
181.63095947412344
157.99328877375677
156.86767684496365
153.44980830412644
155.17946184598483
155.8338226538438
156.0590796470642
153.31145693705633
166.6092312519367
153.95859520251935
153.2284694451552
209.9630371240469
149.10228417469904
152.59971339886005
147.035880620663
147.04860397485587
146.78152133868292
147.69200464395377
146.44615998634924
181.6588156590095
147.5853492296659
144.8338688336886
182.28129718853876
144.20914613283597
144.717453956604
139.88806445782
139.51343156741217
139.8205339244316
140.70098594518808
141.35118770599365
178.53014892798203
139.71361525242145
139.62652105551498
136.554596387423
137.47982067328232
137.63539299598108
191.58556537444775
196.05344698979303
154.76028985243576
131.71134739655716
182.05783739456763
182.8071719132937
129.39471185207367
136.58990147480597
130.41143305485065
130.31782313493582
125.45471141344079
135.80674286989066
128.69353092175263
131.95050038741186
127.67199781307808
177.2441515647448
129.4642525636233
130.18896992389972
127.89559189172891
128.07650028742276
191.75850649063403
126.68615275162917
126.46745183834663
123.97351521712083
142.8200583733045
128.61929853145892
125.73883010790898
125.67344675155786
122.46901054565723
126.12662477676685
123.48660524991843
127.68685814050528
123.07016871525691
121.4502911911561
125.76703246969443
127.08966306539682
124.2372646515186
120.56770943219846
125.16876475627606
123.43790927300087
171.2286400244786
126.42262093837445
171.80494523506897
124.55334064593681
151.14657352520868
120.75830262440901
121.48017880549797
135.52503172250894
123.5624827513328
140.18302582777463
121.4144353729028
122.00717180508833
123.49919838171739
123.12107782180493
120.42669088565387
122.18481066593758
122.54822749357957
118.69122112714328
125.40134717867925
121.30917533544394
122.22816153673025
122.89353926365192
127.6615829880421
127.02170357337364
124.51031472132756
128.52191224465003
121.62641579371233
126.94830050835243
123.53728052286002
122.70648436362927
156.16542744636536
122.19400265583626
125.0874898983882
121.54399334467374
117.8900186098539
120.98795791314198
123.9914369399731
167.45274690022836
119.31138394429134
187.2796305326315
125.78635224470726
120.980276960593
157.90423234609457
123.22647412006671
120.73567119011513
121.3374202801631
122.67197295335623
190.6801114999331
120.18397576075334
123.75114910419171
143.50911477895883
122.78110556877576
