6.017103498632258
1.7130575938658281
1.5677094567905774
1.7838335308161648
0.9909064823930914
1.0896166535941036
0.9079842188141563
0.5539902692491357
0.3665215887806632
0.27420587973161176
0.1621288846839558
0.12705051628026096
0.14813278886404904
0.10079280693422664
0.09357587061822414
0.0903021703389558
0.07817079702561552
0.07030481760474769
0.05598082732070576
0.04837892339988188
0.03221500013023615
0.02793429233133793
0.028816817243668167
0.025819779373705387
0.023292058380320668
0.022820474833927372
0.023238131585954266
0.020963222381066193
0.01843473792541772
0.018376167651943186
0.016829772111536426
0.01609964651817625
0.01564335922541266
0.015513425576500595
0.015014461520133244
0.014589612208179791
0.014438575276554648
0.014343032496981323
0.016343860386934302
0.013609789047305558
0.013957319865849886
0.013167887227609754
0.012637510321589863
0.012218376482699321
0.012531241973523389
0.012351653464561836
0.012540230464020913
0.012171384934018451
0.011278061572573444
0.010857445785818114
0.010817752189309844
0.010978736459616233
0.0102989878161514
0.010323182516995903
0.0102209899765016
0.00982140951501523
0.00971918828012845
0.009717868164774369
0.009571281383449043
0.009565326826387636
0.009202023971407802
0.00938890419836918
0.009170276721389118
0.008968332489365077
0.008902407811547164
0.00880166787498059
0.008531839584148574
0.009071370496795598
0.008323232106208294
0.009173414386830038
0.008503727335747417
0.008086868899805599
0.00829774395970162
0.00803129441952809
0.008141494472511113
0.007914063103354156
0.008544726142479869
0.008024198544841387
0.008071220594998025
0.007795602027644319
0.00764932547330814
0.007821022915860258
0.0077544239370168225
0.008083982811182399
0.007693300018383359
0.00762842167486352
0.007503136528446868
0.0074764799259851725
0.007448768009701532
0.007425190254500855
0.007560835463333537
0.0075204636503423735
0.007407800446592525
0.0077067779271932195
0.007377931533317844
0.007870505081055771
0.00748161691378548
0.007532924284036694
0.007374064711091871
0.007292943829353052
0.007352656807845712
0.00725629677948415
0.0072484031826950904
0.007248790749475698
0.007233253737054342
0.007360546888032166
0.007465554360268553
0.007212122730296952
0.0076950297238495705
0.007203927555978721
0.007756863032144875
0.007187511776547498
0.007250214746983891
0.007194909830683504
0.007632999344919385
0.007306365697083741
0.007224287868170491
0.007172230841454372
0.007160455570556223
0.007156730117210166
0.007223811193729158
0.00721437687355898
0.007299017454815013
0.007151784134541892
0.007148825583995363
0.007150184664748271
0.007671919607673772
0.007284421985373642
0.007141053666022013
0.0071721558937993405
0.007420714448347677
0.007226602883416821
0.007379199482370909
0.007417264617701717
0.0071892649165502835
0.007574686533189379
0.007522615271723639
0.007134744296887551
0.007218002517633563
0.00713319192899772
0.007136836121472615
0.0071641766156641425
0.007129647231935946
0.007134103972930461
0.007270493388535793
0.0071287410921120845
0.007242758004312319
0.007130125309975649
0.007137707896948665
0.007193704109257934
0.007378997882783137
0.007462952452690594
0.007173986499599943
0.007196311621969057
0.007206533469302071
0.0071340651378374205
0.007295380058745981
0.00712886914499739
0.007233084285954564
0.007205093128670176
0.007265386270195118
0.00722319521909495
0.0071318539663810625
0.007179043255746365
0.0076086533901450985
0.007515305473299866
0.007225359670966017
0.007132206638661129
0.00712724821443606
0.0074293964872512415
0.007135733205028704
0.007136153395218902
0.00713003188403408
0.007268998732218857
0.00715730170618785
0.0071573725865825754
0.007215254309068603
0.00761472014578017
0.0071305191390406844
0.007130657070692078
0.007125175637239326
0.007185282913269475
0.007359178752350007
0.007293238827762913
0.00713347138794647
0.007131362124875357
0.007340897932987322
0.007611767669335346
0.007470526967980814
0.0073499785794410855
0.00712871111119801
0.0071388330225917425
0.007220281669023362
0.0072634320650567215
0.007152887145903977
0.007125733517486052
0.007515206387986175
0.0074188282457974064
0.007265033816855232
0.007292681225490841
0.007672821855521761
0.007125262925579922
0.007132827894317664
0.00712589835364435
0.0071856461608232084
0.0072942239613356915
0.007126742956725965
0.007127241029427916
0.007518650345115351
0.007605469564706172
0.007297405962493609
0.007129004643171687
0.007171725814590569
0.007366679909120483
0.007516044390451332
0.007308721068759703
0.007180713786180026
0.0073792822096782566
0.007403647889573635
0.007847672804597427
0.0073003160591311326
0.007131061938046266
0.007126629170174551
0.007403784489724785
0.007135798937683417
0.0071253466402677905
0.00718798729411157
0.007128475098976527
0.007191384870152847
0.007411001190617258
0.007403983475259421
0.007139762907172553
0.007211947161439722
0.0074042425945993855
0.007189887777216923
0.007408362300669647
0.007125288740677537
0.007125474873729135
0.007520184137816118
0.00712823084640232
0.007306916517832592
0.007181774709434566
0.007291533738845663
0.00729579559199258
0.007425857755482535
0.007290284379202852
0.007130756277051246
0.0071255942213445615
0.0077392234763299875
0.007138395096924135
0.007127999169990124
0.00719591711293271
0.007128078883397393
0.007262110957195877
0.007187027886340564
0.0071253618020405566
0.007160133579005064
0.007135483008989302
0.0071353580172978
0.007176840868355198
0.007186259883879261
0.00744991757991639
0.007125676450166132
0.007147021516588707
0.007412297563860193
0.00726533819595881
0.007605650269397302
0.007128598968847655
0.007185742272254588
0.007128460435937582
0.007126387168351688
0.007125939254117177
0.007578729678326371
0.007126024823016699
0.0071304443617092065
0.007406669004756788
0.007125434814952314
0.007181678078433668
0.007928915196151303
0.007137217273173685
0.00743260576564353
0.00712642326305451
0.007377547733829653
0.0075844192496416244
0.007173171834438108
0.007942312153648923
0.0076324325094570995
0.007129469687325499
0.007212252900485923
0.007291356402922908
0.0071343570307362825
0.007125799813035304
0.007171318693012422
0.0076390185700306165
0.0073195752272361215
0.007297828591121784
0.007148566057201771
0.007330308683528777
0.007135538709256004
0.007315010607602413
