19.523129690261115
14.859578813825335
10.993703864869618
8.07177716209775
5.881671598979405
4.182360217684791
3.117923168908982
2.3312468926111856
1.6790233566647483
1.3989309583391463
1.133438812834876
0.8692434522367659
0.8592768481799534
0.8074546647923333
0.7176988025506338
0.6627432604630789
0.646526310415495
0.511207572051457
0.5424675902440435
0.4898796418593043
0.5261478871107101
0.514126134060678
0.5049168339797429
0.561819355402674
0.41186808085157756
0.5053429685178257
0.43266419640609194
0.5250310826869238
0.43850306581173626
0.5377765588817143
0.49938257180509116
0.40661378382217317
0.3810186368368921
0.3513543556133906
0.27987373407397953
0.35916058861073996
0.48499940823586213
0.472623310983181
0.3942273353182134
0.40275990244533333
0.3490877758179392
0.4120447373106366
0.3228186037214029
0.5535414357270513
0.4341242817186174
0.60883455794482
0.41743755784063113
0.3545423707969132
0.3306921550205776
0.3694620636247453
0.34856449120811056
0.44519071955056416
0.26885713246606646
0.3543109077782858
0.4661499054304191
0.5140198575598853
0.34537514662813573
0.35923487480197636
0.33899763226509094
0.29381154087327777
0.5078497883819398
0.35308855434968356
0.310650675956692
0.5312757311122758
0.4033934346267155
0.22658046299502962
0.41766287812164854
0.344548288023188
0.35130101158505395
0.41368147127685095
0.2885613148765905
0.4150274136946315
0.3793638859476362
0.40078134409018923
0.43512571248270215
0.2869825845672971
0.42291928898720516
0.4356615305656478
0.30573818123056773
0.33022733387492953
0.33726284475553603
0.41177024461683776
0.3948442613085111
0.3922709434160164
0.34816738093892735
0.43848639957252
0.3484555333852768
0.2759579471534207
0.3551805042439983
0.47253112654600826
0.21666029964884123
0.5011388613354593
0.4389891308687982
0.40349711956722395
0.3049143829516002
0.26599229038471267
0.38531311317568734
0.3199741050955795
0.3156620585137889
0.24447752357948394
