171.3820593907283
170.621059857882
170.6788564828726
169.50212992154636
169.251171038701
169.079925096952
168.55935588249793
168.51167565125687
167.23282554516425
199.66849396778986
179.6201386818519
199.7419408284701
164.03256344565978
163.04544878005981
161.44760370254517
160.78557238212
159.92387148050162
196.50829828702487
160.09149760466354
159.18772803820096
169.09679174423218
157.23684571339533
156.54648906909503
155.80515010540302
210.26594081291785
153.45881858238806
152.5260703930488
151.27489766707788
200.61817858769342
149.02392761523907
147.15847086906433
150.2846409357511
204.2097525229821
147.97941994667053
146.02092172549322
144.42373985510605
147.78766351479752
143.79911046761734
144.66532474297745
144.71845138989963
143.81729819224432
139.73404915516193
144.39316327755267
140.2413413134905
165.76935969866238
139.2237388904278
141.49706690128033
139.30865064034094
158.47174387711746
166.50686718867377
134.152943785374
133.9086290873014
130.387816795936
137.5980532352741
133.6628081890253
135.19695123342368
131.93532100090613
136.11042461028467
129.1924993441655
171.31915732530447
194.69683095125052
128.75908900224246
131.82169718008774
133.32379856476416
134.5966771565951
127.84172434073228
124.86848088411185
123.63510430776157
188.08766222000122
125.12136339224301
128.79133008993588
120.74713763823875
124.8535021176705
121.64157104492188
118.17398881912231
143.19778525829315
114.05152064103346
119.41248365548941
120.23200469750624
122.23401854588435
121.35820766595694
120.93689564099678
114.74940841014569
119.69968045674838
162.07548375313098
114.10958458827092
118.14441663485307
150.0826917061439
113.85587427249321
115.8521537230565
118.32263948367192
120.0503160586724
116.76102192585284
158.8101187119117
123.7368169931265
123.0063488483429
130.1226402062636
112.11908260675577
113.75664284596077
112.67268381668971
159.33461137918326
122.09392392635345
146.61738381019006
116.6325170993805
152.78029331794153
116.77912274690775
119.22614752329312
143.29963762485065
133.16008520126343
137.07379255844995
117.17908321894132
108.1979645719895
107.7818268079024
183.51799152447626
126.34438177255484
117.11459441368396
147.2205634850722
116.92320729677493
120.67907233421619
117.10085999965668
111.76028062747075
114.91223878585376
114.41875582474928
106.40283447962541
113.76959620989285
116.85026139479417
124.94980794649858
135.68164029488196
111.60781985062819
139.21757076336786
113.61178504962187
113.84790413196271
116.88676628699669
114.79209600045131
118.55603957176208
114.25782322883606
119.07703152069679
127.89401486286751
110.50558552375206
119.41120087183438
117.07311078218314
169.85353312125574
110.208946117988
111.22138487375699
115.43677216309767
110.15539204157315
115.67636526547946
126.47907216732318
108.78086887873135
111.62864743516995
