6.126779675483704
1.9082964116876775
1.2813301248983904
0.7985951521179893
0.5951121693307703
0.5862938138571653
0.7505229142579165
0.521024227142334
0.271320485255935
0.18785566091537476
0.140089713037014
0.11660158024592833
0.06578430618074807
0.04820314185185866
0.03992697562683712
0.02808170714838938
0.02033003131774339
0.022166178985075516
0.025654762729325077
0.019654602616686712
0.014328730969943783
0.008870635689659552
0.006336882329461249
0.004211605685255067
0.003222749700812115
0.00236326015279205
0.002109930133552883
0.0019310831240462985
0.001643733380743387
0.0013957981030795384
0.000998080954146148
0.0008705491014883261
0.0008567379687023772
0.0007246535255531357
0.0006024461723758246
0.0005896945063299922
0.0005117696597484279
0.0005088485506183298
0.0004557218800817447
0.00044457480213499036
0.000349131678707305
0.00031215179214169353
0.000302479123506187
0.0002864512491876005
0.0002714324145927094
0.00028498673980886286
0.00026426679257631554
0.0002452122859143525
0.0002261944287469801
0.00020312207991744137
0.0001891380399518477
0.00018028832677042703
0.00018444746530638605
0.0001687018732561476
0.0001688628243838056
0.00016098226693760478
0.00015474387543111914
0.0001520033291109774
0.00014609688092935937
0.00014471729098824488
0.0001396245114103129
0.00013614051799363963
0.00013209703245758482
0.00013418409468034622
0.00013000165828006257
0.00012549180907874623
0.00012524493120674214
0.0001253072143960956
0.0001209380026755918
0.00011977787438478448
0.00011579681003323375
0.00012026711043621286
0.00011381671678960133
0.00011271038610257992
0.00011410244761381446
0.00011013404880279929
0.00010952536170159213
0.00010978694643364923
0.00010794722749613521
0.00010584851522501346
0.00010556436733498809
0.00010491264335789971
0.00010439903226969446
0.00010563294232600707
0.00010417175855598708
0.0001052380680861957
0.00010264794830370441
0.00010205988399485994
0.00010226382950019219
0.00010125923207934565
0.00010039440824336701
0.0001000320695642255
0.00010078069218169813
9.962846525013447e-05
0.0001002712968494796
9.94159594979878e-05
9.998749270711083e-05
9.88439148634577e-05
9.959043514258651e-05
9.864063279316973e-05
0.00010017881785725794
9.851249193492218e-05
9.959343457343162e-05
9.826776923463595e-05
9.868897375947034e-05
9.866266207774805e-05
9.894315288957759e-05
9.787186420660213e-05
9.82309767013331e-05
9.776703096907691e-05
9.865012766981222e-05
0.00010146499764893882
9.733597760879837e-05
0.00011235849408628631
9.68671550005886e-05
9.710936245193642e-05
9.860112529416007e-05
9.687530539601788e-05
9.680520501702135e-05
9.70242110518236e-05
9.836931630244098e-05
9.867039278271312e-05
9.70303327779799e-05
9.67124553261039e-05
9.794020314240532e-05
9.810257870412897e-05
9.688579989001896e-05
0.00010038477012130897
0.00010170258631412501
9.789844195686534e-05
9.686992052593268e-05
9.790579592432054e-05
9.736729605885392e-05
9.758287573772991e-05
9.666215737524908e-05
9.810059832075653e-05
9.699334813459163e-05
9.860096123371808e-05
9.661458699900487e-05
9.795382274288303e-05
9.641710812502424e-05
0.00011158907198643482
9.656227402129761e-05
9.679729638182008e-05
9.750045261501906e-05
9.690523703201589e-05
9.733666791527702e-05
9.63690679534259e-05
0.0001126739366141423
9.78034290297232e-05
9.742468087510629e-05
9.645739216714652e-05
9.818676876834202e-05
9.783012286458292e-05
9.788225584502057e-05
0.00011143415097401224
0.00011152659763783132
0.0001132501620304538
9.660297705109274e-05
9.650041292016712e-05
9.64048295744843e-05
9.864292686953294e-05
9.75117890117293e-05
9.677008430034303e-05
9.737626260175603e-05
9.724582444257315e-05
9.7734476722425e-05
9.669043505379126e-05
9.859703624732157e-05
9.655751182435779e-05
9.709420241547791e-05
0.00010164673966011668
9.705610273158527e-05
9.699352465924511e-05
9.850092655225043e-05
9.76074215114667e-05
9.755295154305217e-05
9.691898102656441e-05
9.697355008856076e-05
9.685493420296221e-05
9.79067446513165e-05
9.70886488754662e-05
9.780852798774669e-05
0.00010157347944848219
9.644995568371748e-05
9.910270934845109e-05
9.753657757921081e-05
9.66126015720709e-05
9.818745746253461e-05
9.845867490102219e-05
9.739593745259548e-05
9.794726015984038e-05
9.801458277665502e-05
9.65720537764851e-05
9.678377004588997e-05
9.781997406124984e-05
9.73375887373219e-05
0.00011228666153328959
9.729230160618582e-05
0.00010036270073628243
0.0001115907703024277
0.00011158884080941789
9.801779478121634e-05
9.645490693153327e-05
9.653297622042538e-05
9.710978768205017e-05
9.650756973397537e-05
9.782548229188912e-05
0.00010015208193759794
9.682117367695106e-05
9.672857430070343e-05
9.672168983921769e-05
9.67050303767213e-05
9.656025395088363e-05
9.73469575249262e-05
9.711343756696971e-05
9.762733828789682e-05
9.646175046575742e-05
9.820035368399907e-05
9.659816880064847e-05
9.719312997317915e-05
9.644592046242906e-05
0.0001114802464805755
9.812136001776459e-05
9.752817872636528e-05
9.692353635480025e-05
9.76355376306773e-05
0.00011134924236764412
9.801029128456403e-05
9.891639047054923e-05
9.683853998219341e-05
9.781933369429845e-05
9.644225974625442e-05
9.68774460158205e-05
0.00011254131202969637
9.640760803945754e-05
9.759691081192365e-05
9.663467467775759e-05
9.688661669894249e-05
9.761732905065979e-05
9.815343020653182e-05
0.00011530088357341646
9.66269158611381e-05
9.699159760533472e-05
9.803948622985362e-05
0.00010068730725007217
9.688332854487022e-05
9.828669863054529e-05
9.73391303308414e-05
9.713237969580487e-05
0.0001009443304527932
9.700818984790452e-05
9.909224825770997e-05
9.7511988067047e-05
9.659565495729277e-05
9.719774822191208e-05
9.757306840831667e-05
0.00011147748103791277
0.0001116291666469558
9.758729439371646e-05
9.768041743220898e-05
9.721364403958432e-05
9.787774946413596e-05
9.6950119272647e-05
9.701995176411319e-05
9.72985428068734e-05
9.761103757971961e-05
9.851287400537827e-05
9.812473829449367e-05
9.71033015792438e-05
9.791500269784592e-05
0.00011277401104466249
9.748915297016289e-05
9.729497899322517e-05
9.633266102520628e-05
0.00010032390673586633
9.665968851054045e-05
9.707837468588629e-05
9.782254330110101e-05
9.640928225384083e-05
9.749513347659641e-05
9.817412832159211e-05
9.74885976823068e-05
9.707990003252317e-05
9.7862879969894e-05
9.790609213020865e-05
9.83795654809166e-05
9.699463060480247e-05
9.684480714482065e-05
0.00010103498144334563
9.76812105529296e-05
9.67516108093233e-05
9.74291372337823e-05
9.664123362282143e-05
9.80591749711576e-05
9.644672920992228e-05
0.00011277807003683516
9.685889129038763e-05
9.849975371749183e-05
9.649893962143159e-05
