169.28095758878268
172.62090360201321
181.59101750300482
165.84692280109113
168.07844851567194
159.82535985799936
161.03940714322604
144.5958784543551
141.7787318596473
118.79420104393593
101.02103350712703
82.48532852759728
67.20027292691745
68.32010408548209
47.46036001352164
39.96202747638409
37.46118574876051
29.839860109182503
26.017279845017654
21.627299822293796
19.856304021982048
35.17007504976713
16.431406938112698
20.012370366316574
19.7532576414255
19.48345795044532
20.166539082160362
16.088814955491287
13.532088573162373
22.21517779276921
15.29339680304894
12.49782444880559
12.534070161672739
16.72604205058171
14.708921579214243
8.533543348312378
10.788679911540104
8.171210344021137
7.869287967681885
8.997419082201445
8.079941951311552
6.738088479408851
7.274161687264075
6.983477042271541
5.572375636834365
4.859784337190481
7.567972907653222
5.1495025753974915
3.010541329017052
6.388211901371296
6.858122880642231
3.941767481657175
7.087968638310065
5.0322041511535645
4.260208661739643
3.0711783973070292
3.517093062400818
3.435071505033053
4.61114454957155
3.503365071920248
2.8062545978105984
5.370580521913675
2.881990753687345
2.016429227132064
2.3155910189335165
2.3297861447701087
1.3986998154566839
4.618211081394782
2.564227736913241
2.937609988909501
2.3431043808276835
2.322966795701247
2.103594410877961
2.6180161787913394
2.847682544818291
5.56118610730538
2.8975428388668942
1.5492017085735614
1.5644101821459258
2.9063850732950063
2.30906598843061
2.6907098705951986
1.7297251270367549
5.11901416686865
2.270058356798612
1.3192566610299623
1.7098514850323017
1.5750823020935059
1.7679647298959584
1.6924944657545824
1.791284061395205
1.6682495245566735
1.724189056799962
1.3978267472523909
1.6732412851773775
1.8387917165572827
1.5009626287680407
1.59250719501422
1.188062337728647
1.815973726602701
1.8230142364135156
1.3146222921518178
1.4714411772214449
2.2127012060238767
1.960343131652245
1.5407183812214778
1.2304594149956336
2.0137106753312626
1.961561143398285
2.0212761713908267
1.24082501576497
1.2359765768051147
1.6111845786754901
1.3912328069026654
1.9828949524806097
2.8577484557261834
1.6615616174844594
1.6924521166544695
1.5539138638056242
1.1140223420583284
2.794096153516036
4.570118569410765
1.426419028869042
1.3119146823883057
1.2804516920676599
1.4687948685425978
1.548155665397644
1.4998495028569148
1.477541955617758
1.6376868119606605
1.8403704441510713
1.5096784486220434
2.228686864559467
1.5588171482086182
2.358940454629751
1.6556865802178016
1.3076291451087365
1.4027653955496275
1.083987139738523
1.5960667866926928
3.7669936212209554
1.1924691979701703
1.9188000559806824
1.2716436615357032
1.344736397266388
1.6015839072374196
1.4671904192521021
1.32659512758255
2.3581903943648705
1.9712678790092468
1.2931871964381292
2.1587270223177395
1.902245200597323
1.2445628551336436
1.451254984507194
1.5124828586211572
1.3931057499005244
1.212673388994657
1.3444984463544993
1.7807448093707745
1.3997787741514354
1.5309918385285597
1.1801545849213233
2.6754349928635817
1.7879503140082726
1.5376610824695
2.7783836263876696
1.4120953724934504
1.445621527158297
1.9716405685131366
1.2360414518759801
1.8250116109848022
1.482030029480274
1.4158729635752165
1.1828290751347175
1.2739586463341346
5.01926957643949
1.5346771707901588
1.4849407764581533
1.228287935256958
1.7661617398262024
1.9721362040593073
1.4232732974565947
1.2289923452414
1.3638291611121252
1.490363542850201
3.271972032693716
1.358815454519712
2.0411179753450246
1.269540250301361
1.7924987169412465
1.6508118235147917
1.5219302039880018
1.5565512501276457
1.3956426703012907
1.3296913367051344
1.2662252646226149
1.30780690908432
1.4650888442993164
2.493421380336468
1.2953087595792918
1.5632331187908466
1.2544722190270057
2.206605461927561
1.7251215026928828
1.5062195979631865
1.1288529359377348
1.440754310442851
1.142806520828834
1.948860833278069
3.0236011835244985
1.3816880308664763
1.1831755500573378
1.656684623314784
1.4419412521215587
1.3458383083343506
1.6326298805383535
1.3427945467141957
1.3088324986971343
1.416511100072127
1.8258495697608361
3.911909649005303
2.30256640452605
1.748783602164342
1.5129905618154085
1.6146881580352783
1.279735973248115
1.7829450139632592
1.334902978860415
1.0691771713586955
1.7266887930723338
1.5593171303088849
1.3626056496913617
1.8405338594546685
1.1047167686315684
1.4323313878132746
1.4784972255046551
1.5271471463716948
1.2312587109895854
2.081715565461379
1.270552701674975
1.9817362152613127
1.4636795704181378
1.554036802970446
1.5167825772212102
1.3871495311076825
1.3679777337954595
2.6072189257695126
1.6806296820823963
1.7516470826589143
2.148265994512118
1.257564975665166
2.421460745426325
1.8004644238031828
2.522007081371087
3.0617825434758115
1.4540409445762634
1.4708529114723206
1.1430455537942739
1.6293416298352754
4.376447457533616
1.329587473319127
1.2726341692300944
2.1673244696397047
1.4533003706198473
1.589820962685805
1.1207438546877642
1.1663062526629522
2.297447328384106
2.6276133335553684
2.141381901044112
1.3917588591575623
1.518510327889369
2.4511668429924893
1.5224418869385352
1.8351380825042725
4.295843569131998
1.090533666885816
1.1409694460722117
1.5980112965290363
1.1600014544450319
1.133403058235462
1.2428477658675268
1.498126052893125
1.4537006249794593
1.3035219540962806
1.6621479781774373
1.5278179416289697
2.2450601962896495
1.8443557115701528
1.1023493936428657
2.9019872683745165
3.1200049061041613
1.6017026053025172
1.6566487688284655
1.6422300888941839
1.692308554282555
1.6202560800772448
1.672217981173442
1.3033158160172975
1.4089239468941321
1.4220009171045744
1.4386915885485136
1.4849034410256605
1.077566499893482
1.4655261635780334
1.2836196766449854
1.9200528080646808
1.5461960251514728
1.2355253994464874
1.361490038725046
1.4088608714250417
1.2325277076317713
1.2105729717474718
2.0477203589219313
1.5024714424059942
1.4445991195165193
1.3133549827795763
1.4667792962147639
2.11210730442634
1.627478076861455
1.7382676463860731
1.0819632548552294
1.5251943056400006
1.4191682843061595
1.0591509777766008
1.462253043284783
1.6070319941410651
3.478051777069385
1.156116517690512
1.2093445246036236
1.2560018071761498
1.1621899100450368
1.4561188587775598
1.4366774834119356
1.5309470708553607
1.178852542088582
1.7228035766344805
1.8481158797557538
2.0356128422113566
1.9183321434717913
1.6432904990819783
1.1511360498575063
1.4561613981540387
1.897961492721851
1.4280373958440928
1.3801675117932832
1.4419298836818109
2.1135387466504025
1.5516766630686247
1.7966145620896266
1.6348898731745207
1.385443967122298
1.5504774611729841
1.5664630509339845
1.430902171593446
1.8883692484635572
1.783489860021151
1.2253437638282776
1.832500132230612
1.3384422155526967
1.6564057561067433
1.2885412161166852
3.3026686838039985
1.5875858985460722
1.3901031796748822
1.1452984809875488
1.7535304083273962
1.218801186634944
4.381817038242634
2.196439516085845
1.1189313255823576
1.727185538181892
1.7448555781291082
1.8207008930353017
1.3031096779383147
1.1978779435157776
1.2675928335923414
2.7917989171468296
1.755718937286964
1.5370342502227197
1.0592543414005866
2.460941342207102
1.2421839718635266
1.566251970254458
1.7307969056642973
1.7572824954986572
1.5776686668395996
1.3324007139756129
1.5721662548872142
1.860276609659195
1.4504439280583308
1.1325466678692744
1.52768769631019
1.409182369709015
1.4957704956714923
1.4830853939056396
2.601091105204362
1.3071644008159637
1.2081845425642455
1.1684647408815532
1.3692393119518573
1.8506852388381958
7.979329712115801
2.2093504621432376
1.1997038607413952
1.5595255860915551
1.3838501480909495
1.3011176998798664
1.5019016174169688
1.9101698857087355
1.7910845302618468
1.3488452434539795
1.2574100780945558
1.6158669315851653
1.2149693278165965
1.709512783930852
2.080620298018822
1.467093458542457
1.9184314883672273
1.11527792765544
1.534076112967271
2.129871272123777
1.4753812872446501
1.5322893674557025
1.0833828770197356
1.414279126203977
1.0610005672161396
1.4955203441473155
1.6558666217785616
1.558839426590846
2.8404963429157553
1.313495200413924
2.1452570053247304
1.4911276468863854
1.1601151961546678
1.4012809418714964
2.2230413372700033
1.6080813774695764
1.609327793121338
2.683427790036568
1.2355535901509798
1.9955146679511437
1.0982003853871272
1.2952222319749684
1.8204348729206965
1.440287172794342
1.6134269420917218
1.5021709203720093
1.8474578582323515
1.324611111329152
1.391518079317533
1.5038689925120428
1.7582308558317332
1.4469133936441863
1.931592780810136
1.1155474781990051
1.4828541416388292
1.8570867639321547
1.4483757523389964
1.6733193397521973
1.4589287455265338
1.322422674069038
1.5304728608865004
1.4897378591390757
1.5932495548174932
1.6686767912828004
3.1124449922488284
2.107629656791687
1.4183997007516713
1.596793151818789
2.184310963520637
1.1929161777863135
1.6573765598810637
1.2952257715738738
1.2347678817235506
1.411143688055185
1.05714606321775
1.1520468821892371
1.6088198194136987
1.416938726718609
1.30527170919455
2.0095812792961416
1.743959436049828
1.6845071911811829
1.475268494624358
1.879304234798138
2.115854208285992
1.5651940795091481
1.4115292384074285
1.2853755538280194
1.6041823763113756
1.148544430732727
2.4161957318966207
2.7655460903277764
1.5173980593681335
1.366158847625439
1.8723386984605055
2.223121003462718
1.3877335832669184
1.6659374007811913
1.5809948306817274
1.4648407422579253
1.9025432054813092
1.1503992905983558
2.1386496149576626
2.2147608445240903
1.0179302188066335
2.709637153607148
1.7917751440635095
1.5600731418682978
1.5070140866132884
2.9965898394584656
1.337413421043983
1.4384386768707862
1.1325732744657075
1.8880916100281935
1.572710564503303
1.1374622537539556
1.3142049725239093
2.0621569890242357
1.4920011758804321
1.2849510862277105
1.2853931555381188
1.1782308175013616
1.8955120811095605
1.6548925729898305
1.2239105197099538
1.3913714977411122
1.3397857409257155
2.1830921585743246
1.2816407451262841
1.5652912534200227
2.185068909938519
1.2757000877307012
1.1314598000966585
1.5622594482623613
1.993714873607342
1.7447836192754598
1.8326058892103343
1.0873506023333623
1.262648907991556
1.973245755984233
2.80754900437135
1.5385515964948213
2.214650516326611
1.1663856024925525
1.3221207627883325
2.2795639771681566
1.3377684767429645
1.6725031733512878
1.663489506794856
1.5599978520320013
4.779129516619903
1.2220176871006305
1.2285570937853594
1.4713595005182118
1.0697177144197316
3.031669630454137
1.371072652248236
1.284553729570829
1.4206910821107717
13.252517415927006
2.4873663874772878
1.482881676692229
3.2072319159140954
1.4647015768748064
1.530465197104674
2.3589336276054382
1.1137645519696748
1.995221014206226
1.792225867509842
1.4091450342765222
2.0416977451397824
1.3905763694873223
1.654663847042964
2.218512617624723
1.4692889864628131
1.5153174010606913
1.8369392202450678
1.474001210469466
1.4908893658564641
1.2694146839471965
1.3150801544006054
1.2963162866922526
1.8604950400499196
1.3450597180769994
2.947869883133815
1.979456479732807
1.3568823681427882
1.5180285481306224
1.7002725096849294
1.555650546000554
1.5771970061155467
1.1670694259496837
1.7316344930575445
1.9095230171313653
1.2835014920968275
1.3248458321277912
1.1852356791496277
1.586369303556589
1.5089389635966375
2.4346844187149634
3.4780054780153127
1.8081903228392968
1.129052377664126
1.1707667181125054
1.6185685166945825
1.9518158435821533
1.2288775031383221
1.661580713895651
1.2481271578715398
1.1083562144866357
1.0886562558320851
1.3959267666706672
1.1431882266814892
1.5086400738129249
1.4151777625083923
1.7158193909204924
1.0357788663644056
1.4838096407743602
1.5726398321298451
1.5215782477305486
1.358673334121704
1.9161952550594623
1.1518028034613683
1.4800956753584056
1.1722280658208406
1.7845542132854462
3.0858826018296757
1.5942811232346754
2.7622862870876608
2.4198317252672634
1.4689554067758412
1.5588350479419415
1.8025460976820726
1.0672282255612886
1.3443323648892915
1.296931069630843
1.5798186797362108
1.474782109260559
1.8335399902783907
1.6077869740816264
1.2495735929562495
1.0951123214685
1.6539080097125127
1.7159077983636122
1.6466537117958069
2.2806240916252136
1.3373713860144982
2.0795798347546506
1.2248847117790809
5.838622959760519
1.3640552759170532
1.8760814941846407
2.9443446695804596
2.0086508439137387
1.1410288971204023
1.8708681830993066
1.7843267688384423
1.2674656510353088
1.1795082367383516
1.2872369908369505
1.14502726151393
1.1901530119088979
1.6367897528868456
3.359234094619751
1.6702235295222356
1.5252324526126568
1.1971537058170025
4.54429107445937
1.3492767398173993
1.9296531998194182
1.3395188588362474
1.0945396159703915
1.4576338621286244
1.712033734871791
1.4715780157309313
1.167804642365529
2.0539304338968716
2.917543154496413
1.915684475348546
2.4262358867205105
1.858826641853039
1.8362312316894531
1.3067081478925853
1.3025923738112817
1.6890513851092412
1.3851480254760156
1.4274639578965993
2.255885225075942
2.7060910830130944
2.0375853455983677
2.0990288716096144
2.190376790670248
1.187669772368211
1.4254559714060564
2.2531384321359487
0.9758915190513318
1.5401751215641315
1.8446773749131422
1.6238061373050396
1.7190635616962726
2.98254807637288
1.3146680776889508
1.6550597365085895
1.5426776500848622
1.6764130775745099
1.7187422147163978
1.1414385506739984
1.7169667849173913
1.8134302313511188
2.0272023448577294
1.369324491574214
1.835552534231773
1.802603556559636
1.3960104859792268
2.2804287259395304
1.7161327692178578
1.7939948118649995
1.538899004459381
1.4764079314011793
1.3820053614102876
1.1239799696665544
2.4913430374402266
1.4129908543366652
1.2750156361323137
2.987598249545464
1.6468925590698535
2.8053711904929233
3.856691979444944
1.720014397914593
4.105931983544276
1.476186284652123
1.2015494933495154
1.1355036657590132
1.3635968153293316
1.3430442259861872
1.5451679757008185
2.2575942415457506
1.5020085206398597
1.3040324678787818
1.2976687825643098
1.681762722822336
2.4751553993958693
1.343935721195661
1.3165763524862437
1.7647588161321788
1.447081412260349
1.2082795454905584
1.7711561184663038
1.5143774564449604
2.9619946823670316
1.6400793286470265
1.6560658514499664
2.935333591241103
1.5293794434804182
1.5468339048899138
1.1054740020861993
1.1007091059134557
1.2480626473060021
1.578931592977964
1.7192943050311162
1.2974584790376515
1.4895696502465468
1.4291222347663
1.3590136674734263
1.5656154705927923
1.2678492275568156
2.1709060668945312
1.5486472982626696
1.3532862250621502
1.7720080018043518
2.766172922574557
1.5437104564446669
1.3475728791493635
1.3390050988930922
1.219906408053178
3.6049004242970395
2.043471642411672
1.9137460039212153
1.5337625604409437
1.428665422476255
1.3218727891261761
1.8537012659586394
1.5855914766971881
1.835931197955058
1.8367835191579966
3.191271584767562
1.6462177840562968
1.5782552223939161
3.962358282162593
1.0038368518535907
1.1076778104672065
1.271081832739023
1.0773455592302175
1.7299556869726915
1.7742883631816277
1.1096408413006709
1.827239100749676
1.4129327191756322
1.624268190218852
1.3080936784927661
1.546820844595249
1.3599081108203301
1.5261312952408423
6.613907632919458
1.7201650922115033
1.851721804875594
1.370490087912633
2.2585626657192526
1.5507819652557373
1.7295946593468006
1.20252214716031
1.9693847023523772
2.521231710910797
1.5136347252589006
1.5631722257687495
1.609550496706596
1.9723102794243739
6.570861674272097
1.6849314111929674
1.9532553347257466
1.4645433976100042
2.5954654193841495
2.724753035948827
1.2953074689094837
1.8850709291604848
1.5314856263307424
1.5736827437694256
1.3626519670853248
1.0811070662278395
1.4079755682211657
1.2408574452767005
3.7092315141971293
2.0425606140723596
1.9849661611593687
1.6228524079689612
1.937211389725025
1.4779313000348897
2.151057408406184
1.382985491019029
1.863943269619575
1.2771784135928521
0.9583034469531133
1.3980884116429548
1.2195155872748449
1.8112212740457976
1.8175523005999052
1.3079900283079882
2.321502168591206
3.290483456391555
1.9225027469488292
1.7252442745062022
1.4040936277462885
1.6406075266691356
1.3928131736241853
1.9215705967866457
1.2128183566606963
2.55171760228964
2.3101615080466638
1.546314267011789
1.4388281198648305
6.165834009647369
1.1962638955849867
1.1749914792867808
1.487116128206253
1.305020068700497
1.1064806076196523
1.464417040348053
2.050465404987335
2.3284214391158176
3.579554181832534
1.3962138616121733
2.92397308578858
1.4911615206645086
1.4384797673958998
2.5336326360702515
1.343994649556967
1.4034829368958106
1.5739506964500134
2.2309090220011196
1.4507480034461389
1.1160069153859065
2.8798766961464515
1.5999468519137456
1.9890123422329242
1.2263509745781238
2.6599894074293284
1.2883737201874073
2.1569394790209255
1.2276446360808153
1.820628067621818
1.5394383852298443
1.4880812443219698
1.307332857297017
1.720487823853126
1.5562040439018836
1.3686994772690992
1.1819129356971154
