21.438935052780877
17.01678262438093
13.165483996981667
9.705420970916748
7.111639840262277
5.529085602079119
4.156637841746921
3.1451745487394787
2.5765598586627414
1.8017279761178153
1.562632211617061
1.1204806034054076
1.0069083656583513
1.0193262561446144
0.8599846292109716
0.9964393222970622
0.7499921981777463
0.7198869245392936
0.8872515019916353
0.5655746090979803
0.7091837823390961
0.46755990971411976
0.4340624415448734
0.5693634514297757
0.47035474684976397
0.5497498725141797
0.31931190831320627
0.58076834607692
0.4806166184800012
0.4607512376138142
0.41894207965760005
0.39995730703785304
0.5101988844218708
0.3639913038128898
0.4265412085113071
0.3700612478312992
0.31901459360406514
0.3878940077764647
0.3855549093513262
0.3845105374320632
0.3484954433072181
0.4114372597209045
0.46021061798646334
0.35287002261195866
0.3935571846862634
0.46106231212615967
0.5439776029615175
0.4339026166569619
0.3326534587180331
0.4415211377754098
0.39119761366219746
0.5015607618150257
0.406861024243491
0.3047187009028026
0.36233273414628847
0.28492298030427526
0.29502893381175543
0.40216094219968435
0.27644734191043036
0.3547967624451433
0.491954983611192
0.43631211419900257
0.31070879225929576
0.3942526497301601
0.48420275109154837
0.3141476157165709
0.41407035078321186
0.42947903807674137
0.37530618054526194
0.3235113358213788
0.48617748809712275
0.409761419963269
0.42271006426640917
0.33441580388517606
0.26635530803884777
0.3061469317901702
0.4786626657559758
0.5264211885985874
0.4694359318486282
0.37632385322025846
0.44809480845218613
0.429889334010936
0.4177192297010195
0.43563116749837283
0.4118123645228999
0.4623067662829444
0.38380905329471543
0.30271005391010214
0.4042209401017144
0.39156752292598995
0.23949000948951357
0.41304704014744076
0.4747156522103718
0.21397779642471246
0.5047564517174449
0.5360876598528453
0.4221996918675445
0.43853221975621726
0.39123121631287394
0.36042264565115884
0.4107322824143228
0.24528562490429198
0.3707331472209522
0.3851865352619262
0.4615186687026705
0.42409513606911614
0.3825997371403944
0.4754987820273354
0.3718184254886139
0.429625619380247
0.4767935240552539
0.4043457220707621
0.2919985810738234
0.3632863499224186
0.504293489314261
0.4589564140353884
0.4480357461032413
0.393965733902795
0.3666544538878259
0.493252183532431
0.4314522125891277
0.3345481593694006
0.46998316688197
0.3596764352350008
0.27275758804309935
0.507165521738075
0.39674160487595056
0.2663351371884346
0.43368189639988397
0.5628246682740393
0.45907176605292727
0.4849561239991869
0.5001176350883075
0.43959221101942514
0.36474347061344553
0.3120909496432259
0.4882550427601451
0.5142866246224869
0.48511621444707825
0.4081789602835973
0.2588765239786534
0.473029536682935
0.41969042945475804
0.37192092064235893
0.49590132172618595
0.4259330154884429
0.35401332733177004
0.35566801613285426
0.35828902501435506
0.3324924870615914
0.42233242999230114
0.3064462100820882
0.4982288126789388
0.467635684070133
0.3881961025652431
0.44327060798449175
0.4352790823295003
0.33273132677589146
0.33015792985402403
0.3054585499422891
0.3951644819407236
0.46371549722694216
0.4358377800810905
0.36399868237120764
0.49384038859889623
0.3802199943789414
0.33937022497966174
0.29465167685633614
0.2349678717908405
0.3559637474162238
0.34032195363016354
0.3844266445154235
0.3907957036225569
0.26171915587924777
0.41142536593335016
0.42580109125091914
0.24163478683857692
0.323850588252147
0.35506652969689595
0.3565973284698668
0.38852722596909317
0.4389826933897677
0.4278853422119504
0.44504503231673015
0.5543000793882779
0.3986599129580316
0.5208256830062185
0.5345998849897158
0.5197377964144662
0.3244817691544692
0.42340053990483284
0.5083730936582599
0.39043044458542553
0.36668651302655536
0.3914492758257048
0.4763783585457575
0.4173734402727513
0.39561388907688005
0.41913542577198576
0.2760427228751637
0.3451188501147997
0.3250508423717249
0.5231019953886668
0.4560214860276097
0.46936650077501935
0.3987218762437503
0.27091631860960097
0.5271656635616507
0.43890549419891267
0.5821025832777932
0.4344069608265445
0.3232018730292718
0.32768852370125906
0.2919629079600175
0.3306878060102463
0.42221973694506143
0.3479167815475237
0.3412574494168872
0.43152110030253726
0.3676461492265974
0.3296372328130972
0.485651797127156
0.4118664993771485
0.5478154566316378
0.27535588533750605
0.3401190269561041
0.2919366079426947
0.3566505320015408
0.3235597993646349
0.38317716405505226
0.2747051786808741
0.5049107323090235
0.3177888130857831
0.5652359379898935
0.3038077097208727
0.39834659298261005
0.2730404543025153
0.5148289540693873
0.43751720977681025
0.4057504566652434
0.25440025826295215
0.4531569638777347
0.38606389541001546
0.26689215643065317
0.4563233660800116
0.5210672137992722
0.46267554022016977
0.22862110428866886
0.3178445256891705
0.4988709979114078
0.47714224741572425
0.3563925379088947
0.524052103360494
0.3333015099522613
0.4411546744051434
0.388643184588069
0.3605281598865986
0.36965046592411543
0.4809658046634424
0.4380039500870875
0.457109367563611
0.3170295309807573
0.4532652149597804
0.32211982121779803
0.5295554520118804
0.3505182833898635
0.3112906053484905
0.405790459896837
0.5448410017859369
0.4191512802527064
0.4394329935312271
0.3091914926966031
0.40617812070108594
0.4584458431317693
0.3815366070540178
0.3777984951933225
0.3390477728985605
0.27719720559460775
0.34840412544352667
0.46487434208393097
0.3165688269904682
0.3142364951116698
0.3655813347016062
0.4349144259024234
0.40430438199213575
0.27685326284595896
0.44185724499679746
0.39000387276921955
0.2155557737818786
0.24353752533594766
0.5911973565816879
0.5097955805914742
0.42941223013968693
0.4720785969070026
0.4951535945846921
0.35641423435438246
0.3334857385073389
0.4897758795746735
0.4060707035518828
0.348517164233185
