170.1465488580557
168.51895750485934
167.79855882204495
167.01903772354126
167.9337007816021
212.5251155266395
167.32510196245633
166.70878593738263
163.7114997276893
164.93441229600174
220.61549252730148
165.41111696683444
164.67921011264508
161.8388210076552
161.93383202185998
179.69770273795496
163.34990563759436
162.89227309593787
171.32724717947153
161.00786667603714
161.93733582129846
174.93430497096136
164.12677196355966
161.33560719856848
160.90115987337552
162.59219260399158
160.0826169527494
194.02153411278357
155.83946117988
193.74989084097055
155.360834305103
157.9748807320228
154.32085649783795
156.5763554939857
157.84175784771259
154.7799841440641
157.57831723873431
153.9840740790734
156.612273142888
155.04019260406494
153.47429550611056
152.6927441083468
152.80406696979816
151.9055475821862
145.89348341868475
155.85715774389413
207.2734114573552
152.20328286977914
152.0151351781992
150.46859803566565
174.12638825636643
156.2375032718365
148.31398861224835
150.09997554925772
151.26754595683173
147.54462152261002
146.98526927141043
154.24108541928805
150.3571641261761
148.4291600080637
149.81656012168298
151.87048363685608
176.90034066713773
151.20756101608276
149.20421321575458
151.6310646717365
148.41316204804642
144.76475741313055
148.5491584631113
142.81551837921143
149.93714912121112
145.402591081766
149.79546207648056
147.269099015456
146.7191631977375
145.0207377213698
144.27248672338632
139.56733882427216
146.79670862051157
142.90403364254877
142.80088870341962
143.1775117929165
144.97054057854874
142.64455864865047
143.04658741217392
144.79803028473486
145.67548355689416
144.10983526706696
141.13260406714218
136.03380878155048
133.84413207494296
137.64949553517195
145.4600997704726
138.7933804988861
138.73756463711078
138.85697771952704
139.11687929813678
146.36072600804843
138.9822382743542
169.03878043248102
138.3564593425164
138.628224336184
147.05099566166217
136.56704334112314
140.23300315210452
134.19623433626614
147.51458400946396
139.57045202988846
133.8265205713419
132.04838059498712
192.86584800940292
131.78366134716913
130.2115695659931
130.4517628596379
198.41128864655127
135.54620885849
127.1311472929441
138.28176377369806
142.02401289573083
134.2655346760383
129.38970558459943
143.12122695262616
132.4892069009634
130.53107251570776
126.11966338524452
124.22484716085287
126.10894391169914
129.13167021824762
179.2612732740549
128.28317319429837
127.8028004352863
121.40306916603676
124.74938200070308
122.35187916572278
126.02418645528647
121.22552569554402
124.72025893284724
125.2254013465001
120.94567134747139
126.32514302547162
124.5490073974316
121.13316651491019
116.7184406541861
175.13805004266592
136.0129536482004
117.54600429534912
122.36771649580736
120.94160329722442
120.4131961602431
120.5053488291227
