20.46351332891555
13.405942054021926
8.279769897460938
6.255649033046904
4.581621692294166
3.4427595081783475
2.683918453398205
2.739936874026344
1.9723468394506545
1.7609106869924636
1.6032470166683197
1.2118534846674829
1.0767202107679277
1.2898037532965343
1.0321892599264781
0.9825561394294103
0.870991967973255
0.7716238172281356
0.5506907524097533
0.8583381087297485
0.47455259128695443
0.6029532498547009
0.5142553817658198
0.386528285131568
0.4602017086886224
0.5975307091361001
0.37084471469833735
0.40666071680330096
0.41177256618227276
0.3729847456727709
0.5041363172765289
0.3818416171485469
0.37351919604199274
0.4080393901538281
0.4029371394287972
0.31966985549245563
0.3782079682818481
0.49385944266049636
0.3971722828490393
0.4939683940971181
0.28542510083033923
0.38769278914800714
0.27463532771383015
0.3329524193624301
0.28840130425634836
0.2738261261866206
0.3546424126696019
0.4231921227737552
0.273609718130458
0.26460036094344797
0.474652833349648
0.31457973555439994
0.4513897313958123
0.3864273949570599
0.3106362371749821
0.27284572690370534
0.3661620992989767
0.345125145145825
0.19757603827331746
0.3735944320048605
0.4135142962137858
0.34255711938298883
0.32991333891238483
0.3581761151020016
0.28521875522675966
0.37219422390418394
0.15624858390185095
0.3009911823485579
0.2783572051141943
0.21266108684773957
0.20877185091376305
0.5367383187902826
0.43965216779283117
0.42613385431468487
0.23407397428083987
0.24689830573541777
0.41673894900651204
0.19048177752466428
0.3365636822723207
0.22016586398794538
0.27466203689220403
0.2488830222615174
0.29384713526815176
0.3334834643506578
0.22466524690389633
0.3311452732111017
0.3150954813297306
0.28301303634153946
0.3893996307715064
0.20331637312968573
0.26784615121072247
0.34825350743319305
0.34963164221317994
0.40283411355423077
0.4150509556666726
0.2733961273694322
0.2948340630336177
0.24682071033333028
0.1592832796630405
0.16024433058642207
0.3344896991870233
0.15062672125973872
0.36109217983626185
0.3403588352458818
0.2778795851128442
0.25328788941814784
0.4113468698979843
0.2690603356098845
0.24497774243354797
0.24698344697909697
0.2564958986781892
0.2779616021240751
0.28758765047504786
0.34874992143540157
0.5069610911111037
0.239821360402164
0.22912632904592015
0.2398094158797037
0.28154027666009607
0.2606972942927054
0.27777802216864766
0.27837139818196494
0.15652384715420858
0.36640198963383835
0.2021425628945941
0.3709845808999879
0.19108905359393075
0.19890833499708346
0.387389144283675
0.3216252103447914
0.31976941839924883
0.39347962343267034
0.30908034466916606
0.31279182952961754
0.2884271140875561
0.3335725548011916
0.20048732248445353
0.3470068900358109
0.16028684900984877
0.33737821555474684
0.354600932360405
0.18066223058849573
0.3113303847522253
0.3585946355902013
0.18450434630115828
0.13735990394793807
0.194655352316442
0.26131199952214956
0.3614835784814897
0.2801797276451474
0.2484916083159901
0.31522093660065104
0.3205812619555564
0.39577116817235947
0.16496501117944717
0.26383768155106474
0.2818616284500985
0.41590845797743115
0.3315348559990525
0.2659149001396838
0.1805764237374422
0.2399090358189174
0.23351167834230832
0.24659506373462223
0.41206072217651774
0.2844476731760161
0.3135184766281219
0.23655099129038198
0.3170888934816633
0.2252392770633811
0.2769967362373358
0.4120244505770859
0.3684586999228313
0.3459380714865845
0.3457542586894262
0.21440388705758823
0.17570950139668726
0.33395699801899137
0.19644377203214736
0.2202522343556796
0.3086546990754349
0.24052629482355856
0.33439321097518715
0.2542887378395313
0.2701628114584656
0.2112604540196203
0.20839246251576005
0.16298315654109632
0.27783614139826524
0.26766590029001236
0.21203291487126125
0.20634607846538225
0.2779573416780858
0.16952394680785282
0.1807420434252847
0.19000869457210814
0.30041285870330675
0.17079110066628173
0.17621561450262865
0.26753940171606483
0.2506240460844267
0.3189244070755584
0.2954625952988863
0.3017307117226578
0.204270822749961
0.25876105425968055
0.29567186450142235
0.22370823614654087
0.21179744672207607
0.18322729820474273
0.250889937437716
0.32030090423566954
0.2076888776251248
0.24878583449338162
0.2748855154163071
0.3159572316244954
0.2481346030143045
0.20882693150391182
0.4078666081740743
0.2133222178866466
0.2094652463371555
0.33242959218720597
0.25024944574882585
0.3534510885587051
0.3065109201485202
0.3254635052622429
0.2329513638147286
0.2798916683310554
0.3123483420127914
0.2585786922524373
0.18522000747422376
0.2371875959492865
0.21281141610372634
0.28822261055133175
0.2737322894945031
0.23513172451584113
0.19850171845228898
0.37986742172922405
0.33420853857837973
0.2691192581717457
0.39102254528552294
0.3535550705024174
0.1954307858610437
0.2384828714032968
0.23766610283581985
0.25661778955587317
0.21888979852554344
0.29361888251843904
0.20533709157080876
0.3518586004418986
0.30269290826150347
0.3430420061395991
0.18851009233012087
0.25964780595330966
0.1888111528186571
0.26367236656092463
0.3732949063359272
0.19852440462758145
0.17509774748413337
0.31684869962433976
0.2740260632265182
0.21874097495206765
0.13478272239721956
0.23572937124187038
0.4248433242596331
0.3032483773616453
0.32388998851889655
0.26466102428024724
0.24659295575249762
0.20345776062458754
0.4297478563551392
0.2547389939427376
0.26603764127052965
0.31908632282699856
0.27322434900062426
0.250664805816043
0.23934144792812212
0.34976352165852276
0.2627120629573862
0.4067082418838427
0.22471761725665557
0.3129670110398105
0.18376433405847775
0.4850138606769698
0.3728782448562838
0.4551910687060583
0.2571128262206912
0.14869992053579717
0.443076679926543
0.4063565040982905
0.1885993881594567
0.3902279863222724
0.3025357488188006
0.27435608651666415
0.20198581130465582
0.3300884042289995
0.21200017622184186
0.33537722928893
0.3042587215701739
0.3084457214212134
