171.87526970643265
170.23450242556058
168.70144866063043
168.14338324620172
166.15555469806378
163.78957784863618
163.1660225207989
160.48296011411227
158.48793803728543
158.88632726669312
158.72318664422403
157.24930447798508
155.82576104310843
158.60781460541946
154.57349582818838
153.61953130135169
152.3049329547928
156.91481652626624
151.0190526155325
149.9380749647434
148.77904396790726
150.50593475195078
148.053312595074
149.65296934201166
163.8798820055448
182.6322932610145
146.71723220898554
147.34417985035822
149.90571995881888
150.0624712430514
146.42452391294333
145.63143080931442
146.84190052747726
148.95825657477747
147.75119084578293
148.78140348654526
147.52449637192947
146.84247336020837
146.35409872348492
142.52192721917078
145.2384700041551
145.84718834436856
145.57632956138025
150.07026382593008
144.67123937606812
146.5289239516625
144.72483253479004
210.91477249218866
146.1088798046112
144.27378696661728
144.0163020354051
146.4041857306774
145.77604783498325
144.44109282126794
143.99241742720972
145.95739736923804
146.74410185447107
145.05043944945703
144.8116661952092
189.32974653977615
147.36687746701332
144.1437639089731
142.4731618807866
143.83732970803976
192.72471020771906
143.84783242299005
143.65271671001727
143.65506234535803
142.45514165438138
143.26289602426382
143.2525861813472
144.8329086120312
145.71539692122204
143.2261089361631
144.19792285332312
192.8331575026879
144.21245552943304
143.43235677939194
142.76927875555478
151.37769884329575
143.05027198791504
145.70615216401907
188.22833723288315
144.45159778572045
145.08809559161847
143.8145478321956
152.97117853164673
144.4506650888003
144.49622189081632
145.29885930281418
143.5065065897428
146.4365382744716
145.6504665154677
166.71980195779068
179.47671505121085
143.75722804436316
143.00376807726346
155.20705008506775
145.8433179488549
145.1866762454693
