161.24009132385254
141.4974829050211
125.54950349606
125.57864427566528
117.46597189169664
126.23787434284503
131.0187868980261
107.11806957538312
114.55946071331317
108.19828265446883
107.67761767827548
105.85914534788866
112.43208398268773
97.96488416424164
110.18042645546106
107.88936275702257
132.0170687528757
98.8274505505195
105.3535163207696
103.95026731491089
106.42294302811989
100.56432388894834
103.7492504119873
106.11153013889606
111.0044182401437
101.55376892823439
96.70027312865624
99.94522296445659
105.60428239634403
106.447003791252
126.9346671471229
105.52378150132986
104.88563123717904
100.31347633783633
101.61513592646672
99.51147091388702
103.63770550947923
102.91507618530439
115.35547381180983
108.12700374309833
99.44621258515578
108.722572519229
96.34822792703143
117.76129135718712
103.37307302309917
99.65732739521907
104.69750599677747
103.45029333749643
105.91375015332149
110.41337228451783
102.22950841830327
99.40613963053777
98.6914425847622
106.53073637302106
101.84300993039058
99.34028786277541
99.68635173027332
104.58273717990288
148.3854627425854
101.69412392836351
102.55468409709059
98.4028862806467
98.8557064826242
102.35526440693782
101.97589416687305
101.28094589251738
103.51843855014214
102.80961953676663
110.2568793296814
100.7588547938145
108.2746694615254
133.75486836066614
101.99167893483089
104.72717506151933
108.32191625695963
109.76013156083914
106.34454461244437
106.62495315991916
104.93628343252036
99.58451757064232
148.4554796402271
105.41566254542424
105.15692914449252
104.09944151915036
99.40882603938763
102.51614842048058
107.01092288127312
101.46610247171841
104.2864820590386
106.64972192049026
101.21727453745328
95.45891581131862
153.6362933562352
153.6313691506019
95.31529017824393
100.84535569432549
98.4748420715332
96.92012089949388
103.38776947615239
162.7817463508019
