174.22070870032678
175.61050825852615
171.79704827528732
171.7589111328125
173.27481900728665
172.38029685387244
174.74887935931866
161.2591450030987
152.01865335611197
148.97497881375827
137.6798379971431
136.01894264954788
123.8870454934927
116.84821143517128
110.52559839762174
107.72142777076134
104.84715248988225
100.96266115628757
105.3008096401508
99.19750771155724
104.42305227426382
100.18667221069336
105.76804307790903
101.10625340388371
99.06945477999173
102.81734833350548
105.04210178668683
104.99550481942984
106.33675707303561
99.56065603402945
103.09138107299805
102.15876740675706
103.20292546198918
100.78603245661809
101.96058258643517
99.24086027878981
102.3007282110361
104.2138740832989
100.73348969679613
99.48489042428824
105.97021249624399
99.3358223254864
105.414002932035
98.896456351647
100.22695247943585
105.40529141059288
100.65552520751953
104.57945610926701
103.7902465233436
101.64492284334622
98.66227252666766
99.56338897118202
100.01784867506761
101.12175559997559
97.30116902864896
103.288619188162
101.33652437650241
99.51208980266864
96.61852587186374
95.93981148646428
102.12563316638654
97.57324233421913
102.7957193668072
97.20330693171574
98.04655148432805
95.84383766467755
96.55606269836426
100.38845414381761
106.4059628706712
97.95965136014499
100.24206190842848
102.69445125873273
97.3010987501878
97.72932375394382
102.15729522705078
95.26902910379263
98.41934923025278
95.83517932891846
96.05011881314792
96.62640817348773
92.98988899817833
93.86133722158579
93.73604231614333
91.91732333256648
97.6205687889686
97.10560241112343
98.91334460331844
96.40198634221004
97.49410849351149
99.55208661006047
96.86686104994554
94.45006979428805
92.01819603259747
93.30748455341046
93.4361704312838
92.53650107750526
91.51583524850699
98.40947385934683
91.7129789499136
88.43497423025278
91.68687952481784
92.02631737635686
89.49295234680176
87.66216842944806
91.44685723231389
88.93733860896184
95.75666031470665
89.23167595496544
87.34000785534198
89.01377523862399
86.55668860215407
88.22516228602483
91.32450514573317
88.51497187981239
86.32923441666823
87.50055298438438
88.7334224994366
82.37723629291241
87.03262930649977
90.39616790184608
85.12589997511644
83.63033250661996
90.68828648787279
92.20616942185622
86.29236558767465
87.23816842299242
89.32594372675969
83.04107482616718
84.58496937384972
91.70266734636746
91.46546737964337
84.43218260544997
85.99003278292142
85.94104566940895
83.02157743160541
83.92689140026386
91.51676830878624
87.6936952150785
83.92194014329176
85.66920221768893
90.15949586721567
86.65021690955528
89.18427496690016
83.45179392741277
89.44898766737718
84.34481342022235
83.77981838813194
85.9853046123798
83.58497773683987
80.15819109403171
84.91745376586914
83.38954753142137
82.01826451374934
83.20474976759691
83.61486735710731
81.77458924513597
85.28657854520358
80.73262610802284
83.54052118154672
81.53084916334886
81.7700605392456
80.56705342806302
92.64310176555927
83.71905620281512
84.79961967468262
84.4359858586238
89.4692089007451
81.54134794381949
92.20340310610257
84.97027822641226
90.63476320413443
88.05722508063683
84.60955832554744
91.61432710060707
84.5431554867671
86.03576755523682
81.6611797626202
83.0091934112402
88.0923218360314
93.08311198307918
83.05633798012367
84.92728878901555
83.17778251721309
84.87031239729662
84.45759582519531
84.0881813122676
82.19571018218994
86.74966511359581
82.82254468477689
79.71484793149509
85.71575986422025
82.37138696817252
81.43431223355807
82.10984475796039
91.34722152123085
83.27959691561185
82.40056133270264
83.77300467857948
86.7893318763146
84.0841861137977
84.97176581162672
87.56371175325833
86.5699709378756
83.69682436722975
82.40539455413818
91.1580019730788
83.30793615487906
88.67275619506836
84.33365719134991
88.44261228121243
89.05398046053372
83.47451210021973
84.81009571368878
85.4867075406588
81.12304658156175
83.86461610060472
89.76213491879977
93.1636819105882
80.74516993302565
84.46363830566406
82.28153955019437
85.03830630962665
84.6793536406297
81.37847427221445
82.37430777916542
83.4742589363685
83.06510991316576
83.63649661724384
88.58113861083984
83.10259232154259
90.62484887930063
85.12273098872258
79.37233946873592
86.88416763452383
85.57628917694092
85.34299208567693
83.360640672537
82.1879545358511
85.62828680185171
79.68124411656306
83.33473425645094
81.75775168492244
83.70363154778114
91.22596175854022
83.43481298593375
81.52194182689374
91.28966448857234
85.73855429429274
89.12043138650748
86.33125129112831
90.99015793433556
86.1559875194843
91.23990807166466
82.90908883168147
84.8167523604173
82.77972793579102
84.50683388343224
86.88055097139798
85.96828101231502
83.45168069692758
91.4382097537701
83.56514145777776
84.32103641216571
84.50674181718092
81.94090212308444
90.8217623417194
81.44019435002254
84.96576411907489
85.21902231069711
82.77804902883676
80.91604496882512
85.92339757772592
90.07520587627704
83.46590203505296
90.28283926156851
82.67987676767203
81.25043252798227
86.86249622931847
83.61525264153114
91.8855392749493
84.21401177919827
82.51193266648512
87.81409072875977
82.2461444414579
89.1992702117333
83.6166497010451
83.38916866595929
83.28391823401817
83.98421206841103
85.14123901954063
85.05779816554143
92.17898134084848
85.38300895690918
85.41567824437068
85.21299743652344
86.29215225806603
86.18304516718938
83.60806861290565
86.6836613875169
87.20539151705228
