14.991475452076305
2.453209541060708
1.254163845018907
0.46825977618044073
0.3951462046666579
0.36205475709655066
0.28437571227550507
0.2149043164469979
0.2598015693101016
0.1722359379584139
0.2666180729866028
0.22471079365773636
0.15968258407982913
0.24813778393647887
0.22145196253603155
0.14024127850478346
0.19690615412863818
0.1999578523364934
0.13245244391939856
0.14129148491404273
0.09760494936596263
0.11272556334733963
0.18459114770997653
0.17399055053564635
0.1363842250271277
0.14482804184610193
0.1581729311834682
0.1818435862660408
0.1204666214233095
0.13667450879107823
0.1573841558261351
0.16724802350456064
0.1405998095870018
0.24796223471110518
0.12045776742425832
0.11751784892244772
0.11515131558884274
0.13858566297726196
0.1795110282572833
0.08184824782339009
0.17289782180027527
0.09921548651023344
0.08465542881326242
0.1321714430708777
0.16176638887687164
0.1434481516480446
0.0981637059964917
0.10959732871163975
0.1269081807272001
0.11810020594434305
0.1122111248021776
0.11987574076787992
0.08727368306029927
0.13728903657333416
0.09824455173855479
0.16578090698881584
0.11827458508990028
0.16038839519023895
0.06391886452382262
0.14518360150131313
0.08489122885194691
0.12345823865722526
0.19169424355707385
0.07051210207017986
0.10210326889699156
0.13325827602635731
0.14432366023009474
0.1382331055673686
0.11447388780387965
0.29589515314860776
0.09720721671527083
0.09753185002641244
0.22080853649161078
0.09397370588373054
0.15331006050109863
0.08014098385518248
0.08602548695423386
0.10863337022337047
0.10071514005010779
0.09530710056424141
0.10937198454683478
0.14833741906014355
0.12087148123166779
0.1468618004159494
0.08143630589951169
0.08502607216889208
0.14282377741553567
0.09306851164861159
0.09508861669085243
0.0849567712707953
0.11969155344096097
0.14244634319435467
0.2743388590487567
0.1365064809268171
0.136774960227988
0.13371748341755432
0.16821616075255655
0.10795276341113177
0.10438374904069034
0.10240043462677435
0.10716021399606358
0.1348944345319813
0.09322764826091853
0.13902146911079233
0.102116529321806
0.12221607362682169
0.10664400322870775
0.12185916541652246
0.11328360844742168
0.06150729818777605
0.10978388583118265
0.10126669603315266
0.08625784414735707
0.1852948438714851
0.14220061390237373
0.1289276538247412
0.08232287825508551
0.11370718038894913
0.10077490623701703
0.14882971041581847
0.17677062478932468
0.13648735664107584
0.13350382548841563
0.10634517940607938
0.08857216686010361
0.08735489134084094
0.14885466918349266
0.1272060898217288
0.08871526034040884
0.08998045003549619
0.08191696181893349
0.10635088807479902
0.13699037243019452
0.1177940432998267
0.14061621949076653
0.06770966439084573
0.14834690669720824
0.1699326288971034
0.12825814973224292
0.11988267133181746
0.16336409307338975
0.11032840914346954
0.20731220800768246
0.12243748523972252
0.06736467304554852
0.08739085969599811
0.11584498496218161
0.06308065066960725
0.12650454315272244
0.10031910003586249
0.11801830526779998
0.1210606453770941
0.08603915233503688
0.1267658251930367
0.08855903825976631
0.1375027493658391
0.09950818798758766
0.13801561380651864
0.09192836691032756
0.1832935596731576
0.0820448026061058
0.08248481831767342
0.07620803402228789
0.0756078457290476
0.08597348630428314
0.14081960984251715
0.12430469928817316
0.05706741262904622
0.1505668590014631
0.09896957298571413
0.09843602048402483
0.12044362283565781
0.17756264622915874
0.10156928443095901
0.11141317303885113
0.08289734460413456
0.11203425919467752
0.10825312442400238
0.11139811270616272
0.11083610440519723
0.1862067085775462
0.11208591881123456
0.13374880667437206
0.18268004262989218
0.058905079452828926
0.16228986565362324
0.18183799189600078
0.1498117900707505
0.09027939120476897
0.13244877755641937
0.08435832404277542
0.12381179842420599
0.11468258313834667
0.059691944921558555
0.11583430421623317
0.14528364959088239
0.10369138470427557
0.14287163554267449
0.1072928612543778
0.0997087669304826
0.16620287908749146
0.14691865274851973
0.10299271074208347
0.07574806023727763
0.09323533370413563
0.10082997991280122
0.17435825074260886
0.10027432001449844
0.1238911124792966
0.07857545532963493
0.10534366795962508
0.14544638280164113
0.13863471150398254
0.09810435026884079
0.12245959111235359
0.17486722835085608
0.15054403347047893
0.11413054337555711
0.09374517303976146
0.14776776324618945
0.12480441548607567
0.1259489320218563
0.13572418503463268
0.08078340068459511
0.21273270384831863
0.1359570874747905
0.09884956496005709
0.1449580896984447
0.07567836141044443
0.07194054228338329
0.10051977803761308
0.08996970375830476
0.14634832248769022
0.15408865226940674
0.11020911755886945
0.18281503258780998
0.10027646679769862
0.12098118188706311
0.0946249800988219
0.10808761925859885
0.10211393643509258
0.12056841938333078
0.15367437797513875
0.07605087892575697
0.06776563518426636
0.13270943747325378
0.08532854338938539
0.15035150843587788
0.10346479832448742
0.1241369985721328
0.11967754905874078
0.11367699063637039
0.13794702968814157
0.11005397276444868
0.13955003700473093
0.13278329440138556
0.1669596362520348
0.11794804713942787
0.10593681037425995
0.07381298359144818
0.0795523954386061
0.11739957942204042
0.19612752510742706
0.175386385822838
0.2015155740082264
0.1751879993826151
0.10102971931072799
0.15189099007032134
0.0807282453910871
0.0854010937566107
0.09226593273607167
0.12978414513848044
0.09752360799095848
0.0777425081892447
0.12700305438854478
0.11589047752998093
0.09451999549161304
0.09248614480549638
0.26559393328021874
0.16484782455319708
0.1534333240918138
0.09742548892443831
0.12166191332719543
0.120132023637945
0.09596980684860186
0.17289170216430316
0.0801366472786123
0.1946976293217052
0.23611536266451533
0.11337266320532019
0.14045881242914635
0.24049814621155913
0.10484224896539342
0.11589571698145433
0.1695228855718266
0.10468285700136964
0.10506970418447797
0.10133667087013071
0.09141643971882084
0.13607220419428565
