17.754676472056996
5.144344665787437
0.9989713132381439
0.7242859168486162
0.48815077814188873
0.3955464634028348
0.3054942292245952
0.2189966243776408
0.1400769857520407
0.21746303513646126
0.16519673710519617
0.10276004756716164
0.11511601880192757
0.0904162832620469
0.062006086788394234
0.10186202434653585
0.06646859882907434
0.054157702082937416
0.04401962035758929
0.040718884291973984
0.04543705843389034
0.07415860857475888
0.04362206601283767
0.04715348966419697
0.08153628032993186
0.04662639859386466
0.05434627560052005
0.03959135186265816
0.03674147024073384
0.026324329728429966
0.02903432132337581
0.04024699448861859
0.02175133666870269
0.0558130145072937
0.030488573014736176
0.02432445233518427
0.047783609818328514
0.02218340536240827
0.021438435397364876
0.03215510051020167
0.029444895981048994
0.04748095055534081
0.027649027888070454
0.05129471023313024
0.020484504543922165
0.029441836459392853
0.017048494636335156
0.03721224664795128
0.03856195492500609
0.03326259193603288
