6.754828561436046
2.690240274776112
1.988318313251842
1.9850982644341209
1.387465861710635
1.2415415915575894
1.1148962866176257
0.9209307377988641
0.6899937472560189
0.5676316835663535
0.4842744632200761
0.32257170568812976
0.2242864207787947
0.21370950612154874
0.17495578188787808
0.1587243310429833
0.15536137771877376
0.1254110031507232
0.08742976798252626
0.08234494602815672
0.06178664924068884
0.047186015004461464
0.032177474688399925
0.02363317874683575
0.018749529411169617
0.016703726808455856
0.014531007459895178
0.011722907042977486
0.010322741571475159
0.009811098158190196
0.007627206029031764
0.0072530122600834475
0.006386470557613807
0.006055599184368144
0.005985697403296151
0.00575352347963913
0.005514006892388517
0.005103526393544267
0.005343655759299343
0.004283566218377514
0.004531660762784833
0.0038053557932884855
0.003797109170012515
0.0033284409014000134
0.003321688664569096
0.0033112361138178544
0.0029795210575684905
0.002813835365073332
0.0027842633373273366
0.002630517015032555
0.0028863051795104348
0.0025553794694133103
0.002365144657563757
0.002370823576877063
0.002888557220682163
0.0022480360137044704
0.002237331542842598
0.002191959758585488
0.002054115966364572
0.0021255424203859134
0.002177901043482548
0.00193504809232598
0.0019831229689192364
0.002269603458857587
0.0019360516717742112
0.0019085809101604602
0.0018259665150915018
0.001857827785319056
0.0018033346383493733
0.0017882557175736028
0.0017782682830742983
0.001945600667650896
0.0017232232560424811
0.0017162748686545951
0.001759119794852185
0.001711808100067587
0.0017128303535917605
0.0018792517234528946
0.0017250217523806814
0.001655927557625215
0.001816268616080792
0.001692792839920995
0.0017815134540962224
0.001601711510209663
0.0016135740892919289
0.0016274273591327735
0.0016012002491730857
0.001885604020737281
0.0017103095676495948
0.0015809508212524552
0.001567444051695268
0.001575145169309425
0.0015629686571297827
0.0015747054071239704
0.0015742217418102716
0.0015569350586950102
0.0015682880105239085
0.001714571904316968
0.0015541912501000545
0.001549228949112479
0.0015555053145032036
0.0015852087500124153
0.0016093327331790615
0.0015533962154718624
0.001840146188359623
0.0016887277385897257
0.0015356901884925637
0.001531620646181347
0.0015210485124209133
0.0015223734768700194
0.0015230551600159908
0.0015227340309965339
0.0015174156909448686
0.0015923236906845968
0.0015182867064140737
0.0015196250725156542
0.0018311401786790652
0.0018110525773160837
0.0017250816321889447
0.0015312777382363988
0.0015157934354978022
0.0016066453390521929
0.001530697918497026
0.0015352617113173685
0.001671110136984763
0.001528193557698449
0.0015777612795566463
0.0017945345634044233
0.0015151615423912351
0.001508192527663513
0.0015317109513985501
0.0015119338723624505
0.0015061789368205195
0.0015181206426032904
0.0015066423385922628
0.001544101699519987
0.0015223188886672936
0.0015162994095589966
0.001604570181701671
0.001522236714001999
0.0015081137416101146
0.0015156976084902205
0.0015106914242179218
0.001796272174529308
0.001624806560523046
0.0015637774393491616
0.0015039024252804336
0.001665832091186365
0.001505224597084717
0.001524334778712893
0.0015281750833806159
0.0015227344252211465
0.0015052175986056682
0.0015070987574290484
0.001793026828884401
0.001505166564708237
0.0015105910318776625
0.0017876841448014602
0.0015019160667758445
0.0015042519014307552
0.0015060469158925116
0.0015902997521069747
0.0015171121181496842
0.0015062145566017452
0.0016894803279269995
0.0015112377983644944
0.001790511231361465
0.0015581603405404496
0.0016078840681902047
0.001721036403482272
0.0015930674675142984
0.001516075400021774
0.0016016585524828936
0.0015521846746031026
0.001503150480196134
0.0016882867176636037
0.001563323506905528
0.001812334102313881
0.0015069649638131853
0.0015768052253406495
0.0015654043765442277
0.0015125452317244542
0.0015280163431518965
0.0015387810410836457
0.0016872828418854624
0.001656722653106871
0.001512445477684113
0.0015249661307527938
0.001522940259416249
0.0015147912384815174
0.0015595815030709755
0.0015263388393743132
0.001512066383756147
0.001562068991585296
0.0015095154230948538
0.001523331104015762
0.0015152289786122062
0.001524100453190675
0.0015252568350247616
0.0015288436989067122
0.0015398854196643117
0.001503173660735642
0.002018918322970752
0.0019343466820745643
0.0015229612922253596
0.001659566320912828
0.0015208492113742977
0.0015111015329073946
0.0015121602766819044
0.0015056708342109976
0.0015196795204908333
0.0015122426623499698
0.001503264895621793
0.0018048990433189001
0.001510584356517277
0.0015158258445973677
0.0015183194521920416
0.0015346383019773798
0.0018098972624019634
0.001529326571141031
0.0015099012340545994
0.0015117478562222625
0.0015078900257569992
0.001572175483240492
0.0015122916070553897
0.0015075407692083072
0.001574659315255386
0.0015259327959607947
0.001506132187469947
0.0015278273838868533
0.001553956465531056
0.0015539208874212238
0.0015214960889848458
0.0015107299828245727
0.0015047070568967188
0.001502591941805969
0.001508639297257601
0.0017065486026694998
0.001540719236469489
0.0016483154534150592
0.0016960952833125537
0.0015545246344779364
0.0015100342160704631
0.0015146470554596322
0.0015772241987922991
0.0015086886203128167
0.001522288987127302
0.0015230765830810096
0.001529941880355843
0.0015177229599265213
0.0015413638109087267
0.0016797590228220956
0.001531507117430341
0.0015045902771155604
0.0015143954475537282
0.0015312879642641003
0.0015109560997437009
0.0015121059590125117
0.001525063987091099
0.0015127634317402474
0.0015662512450944632
0.0018080707073254002
0.0015158953418986957
0.0015228833495215936
0.0015316385939844292
0.0015140025802379982
0.0015936071960657666
0.001542757064188746
0.0015033497713209892
0.0015541054493620652
0.0015394988520049744
0.0015396652134685692
0.0015036067624433517
0.0015091691847456705
0.0015147308387730102
0.0015668199233583766
0.0016744207506152716
0.0015460918273840268
0.0015790652502222326
0.00151011605868751
0.0015268006959972395
0.0015085774754301053
0.001520509450611743
0.0015299130860843104
0.0019579985210756686
0.0016722789309410887
0.0015130109174854376
0.0015673339208164675
0.0015180701778841797
0.0015554899886906655
0.001567627488508482
0.0018059231105408717
0.0015670415080173618
0.0015253602336584167
0.0015143173328727823
0.0017197130152701654
0.001678077894294719
0.0015941732212509537
0.0015404262627601963
0.0015487633328038182
